# Filename: guide/20230912PSI_CF9212_streak_targetWL_disp_CF9212WLRC.ascii
 
Time explicit
Intervalnr 1
8.0
6.5146606400e+02	0.0000000000e+00
6.5357885700e+02	0.0000000000e+00
6.5569165000e+02	0.0000000000e+00
6.5780444300e+02	0.0000000000e+00
6.5991723600e+02	5.7439715453e-01
6.6203002900e+02	7.7888768425e-01
6.6414282200e+02	1.0708143729e+00
6.6625561500e+02	1.5018700340e+00
6.6836840800e+02	2.0646642088e+00
6.7048120100e+02	2.8701060116e+00
6.7259399400e+02	3.7960903135e+00
6.7470678700e+02	5.8180323392e+00
6.7681958000e+02	6.8054547814e+00
6.7893243400e+02	9.3669278507e+00
6.8104528800e+02	1.2347013618e+01
6.8315808100e+02	1.7278467995e+01
6.8527087400e+02	2.1862916058e+01
6.8738366700e+02	2.8874265306e+01
6.8949646000e+02	3.3298813733e+01
6.9160925300e+02	4.1692294151e+01
6.9372204600e+02	4.2201271922e+01
6.9583483900e+02	4.7757120762e+01
6.9794763200e+02	4.6112419374e+01
7.0006042500e+02	4.8750851316e+01
7.0217321800e+02	4.0121753366e+01
7.0428601100e+02	3.9649705218e+01
7.0639880400e+02	3.1857211783e+01
7.0851159700e+02	2.9216033743e+01
7.1062439000e+02	2.2353539191e+01
7.1273718300e+02	1.9653069418e+01
7.1484997600e+02	1.5480234494e+01
7.1696289100e+02	1.3688741356e+01
7.1907568400e+02	1.5013055335e+01
7.2118847700e+02	1.1380830003e+01
7.2330127000e+02	1.2727788905e+01
7.2541406200e+02	1.0278368144e+01
7.2752685500e+02	1.0872645538e+01
7.2963964800e+02	8.8322717136e+00
7.3175244100e+02	1.0292806146e+01
7.3386523400e+02	7.6079513432e+00
7.3597802700e+02	9.4390436315e+00
7.3809082000e+02	8.3916276123e+00
7.4020361300e+02	9.4326375025e+00
7.4231640600e+02	8.7951641537e+00
7.4442919900e+02	1.0820363119e+01
7.4654199200e+02	8.4883152078e+00
7.4865478500e+02	8.5365597447e+00
7.5076757800e+02	9.3187063791e+00
7.5288037100e+02	9.3621861933e+00
7.5499328600e+02	9.3181058427e+00
7.5710607900e+02	1.0127244757e+01
7.5921887200e+02	9.1640385787e+00
7.6133166500e+02	7.0438794525e+00
7.6344445800e+02	7.8724830936e+00
7.6555725100e+02	6.7971267123e+00
7.6767004400e+02	5.9603108679e+00
7.6978283700e+02	5.3344654888e+00
7.7189563000e+02	5.3505522238e+00
7.7400842300e+02	4.9365538956e+00
7.7612121600e+02	4.4629762029e+00
7.7823400900e+02	3.6705162245e+00
7.8034680200e+02	4.2561898045e+00
7.8245959500e+02	1.8641487606e+00
7.8457238800e+02	3.4594566243e+00
7.8668518100e+02	1.3756410639e+00
7.8879797400e+02	3.1265528858e+00
7.9091082800e+02	1.1733845730e+00
7.9302368200e+02	2.5288011498e+00
7.9513647500e+02	1.1088165624e+00
7.9724926800e+02	2.0658401945e+00
7.9936206100e+02	9.5233518436e-01
8.0147485400e+02	2.2682693289e+00
8.0358764600e+02	1.8751991211e+00
8.0570043900e+02	1.7771428031e+00
8.0781323200e+02	1.5744557151e+00
8.0992602500e+02	1.8966557547e+00
8.1203881800e+02	7.3706928861e-01
8.1415161100e+02	1.6824240092e+00
8.1626440400e+02	1.1219813217e+00
8.1837719700e+02	1.3205175391e+00
8.2048999000e+02	1.5399829212e+00
8.2260278300e+02	1.2314360517e+00
8.2471557600e+02	9.2499942718e-01
8.2682836900e+02	1.1106912343e+00
8.2894128400e+02	8.3830944549e-01
8.3105407700e+02	1.1772165721e+00
8.3316687000e+02	1.0343035752e+00
8.3527966300e+02	1.1109786884e+00
8.3739245600e+02	9.4895190154e-01
8.3950524900e+02	9.7975244661e-01
8.4161804200e+02	7.8321019739e-01
8.4373083500e+02	8.5204089132e-01
8.4584362800e+02	3.5289921840e-01
8.4795642100e+02	7.9032015893e-01
