# Filename: guide/20230912PSI_CF9212_streak_targetWL_disp_CF9212freeChla.ascii
 
Time explicit
Intervalnr 1
8.0
6.5146606400e+02	9.4513738287e-01
6.5357885700e+02	1.3263250351e+00
6.5569165000e+02	1.8665487987e+00
6.5780444300e+02	2.7310512619e+00
6.5991723600e+02	3.9646096434e+00
6.6203002900e+02	5.3809218242e+00
6.6414282200e+02	7.2266774614e+00
6.6625561500e+02	9.8570571848e+00
6.6836840800e+02	1.2682761537e+01
6.7048120100e+02	1.5481849198e+01
6.7259399400e+02	1.8682367665e+01
6.7470678700e+02	2.1365991002e+01
6.7681958000e+02	2.3991533066e+01
6.7893243400e+02	2.4858551707e+01
6.8104528800e+02	2.4696881929e+01
6.8315808100e+02	2.4254837466e+01
6.8527087400e+02	2.2620359074e+01
6.8738366700e+02	1.9726604177e+01
6.8949646000e+02	1.7458730507e+01
6.9160925300e+02	1.4449217040e+01
6.9372204600e+02	1.2227955487e+01
6.9583483900e+02	1.0469454796e+01
6.9794763200e+02	9.4273410499e+00
7.0006042500e+02	8.1812340366e+00
7.0217321800e+02	7.4173959880e+00
7.0428601100e+02	6.7684912603e+00
7.0639880400e+02	6.2530832237e+00
7.0851159700e+02	5.8104225124e+00
7.1062439000e+02	5.8586505915e+00
7.1273718300e+02	5.8663134860e+00
7.1484997600e+02	5.7858069900e+00
7.1696289100e+02	5.6658873807e+00
7.1907568400e+02	5.6604054914e+00
7.2118847700e+02	5.5254273493e+00
7.2330127000e+02	5.1909485058e+00
7.2541406200e+02	5.1537233551e+00
7.2752685500e+02	5.1990902764e+00
7.2963964800e+02	5.2666973162e+00
7.3175244100e+02	5.1909363224e+00
7.3386523400e+02	5.3617329846e+00
7.3597802700e+02	5.1864391275e+00
7.3809082000e+02	5.0078849562e+00
7.4020361300e+02	4.8856690783e+00
7.4231640600e+02	4.6184752519e+00
7.4442919900e+02	4.0899750011e+00
7.4654199200e+02	3.8915252862e+00
7.4865478500e+02	3.6662159174e+00
7.5076757800e+02	3.3836230292e+00
7.5288037100e+02	3.0334276017e+00
7.5499328600e+02	2.6843192679e+00
7.5710607900e+02	2.3652294164e+00
7.5921887200e+02	2.2426979327e+00
7.6133166500e+02	2.0651862017e+00
7.6344445800e+02	1.8265320022e+00
7.6555725100e+02	1.6569262392e+00
7.6767004400e+02	1.3579693296e+00
7.6978283700e+02	1.1488711674e+00
7.7189563000e+02	1.0420321800e+00
7.7400842300e+02	9.3170712966e-01
7.7612121600e+02	8.6272430718e-01
7.7823400900e+02	7.6136906404e-01
7.8034680200e+02	7.3832108662e-01
7.8245959500e+02	6.9577190940e-01
7.8457238800e+02	6.1878314629e-01
7.8668518100e+02	6.0775457314e-01
7.8879797400e+02	5.5293817706e-01
7.9091082800e+02	5.6490758995e-01
7.9302368200e+02	5.1135201094e-01
7.9513647500e+02	4.8215667876e-01
7.9724926800e+02	5.4961104320e-01
7.9936206100e+02	5.9141031937e-01
8.0147485400e+02	5.2814765740e-01
8.0358764600e+02	4.6996329254e-01
8.0570043900e+02	5.2108880679e-01
8.0781323200e+02	4.6849245615e-01
8.0992602500e+02	5.0127081530e-01
8.1203881800e+02	4.6073411957e-01
8.1415161100e+02	4.7346740983e-01
8.1626440400e+02	4.0479632921e-01
8.1837719700e+02	4.2598897160e-01
8.2048999000e+02	3.2568162279e-01
8.2260278300e+02	3.8642337203e-01
8.2471557600e+02	4.2459881070e-01
8.2682836900e+02	4.2412619341e-01
8.2894128400e+02	3.7035074109e-01
8.3105407700e+02	3.5797047915e-01
8.3316687000e+02	3.8028612406e-01
8.3527966300e+02	3.6510007021e-01
8.3739245600e+02	3.4294264433e-01
8.3950524900e+02	3.4298828564e-01
8.4161804200e+02	2.7369928983e-01
8.4373083500e+02	3.1474884000e-01
8.4584362800e+02	3.3707922875e-01
8.4795642100e+02	3.1887628548e-01
