# Filename: ../guide/20230910PSI_CF9212_streak_target_disp_CF9212_FRLRC_fitted.ascii
 
Time explicit
Intervalnr 1
0.0
6.5146606400e+02	-1.2531642390e-14
6.5357885700e+02	0.0000000000e+00
6.5569165000e+02	0.0000000000e+00
6.5780444300e+02	0.0000000000e+00
6.5991723600e+02	0.0000000000e+00
6.6203002900e+02	0.0000000000e+00
6.6414282200e+02	0.0000000000e+00
6.6625561500e+02	0.0000000000e+00
6.6836840800e+02	0.0000000000e+00
6.7048120100e+02	0.0000000000e+00
6.7259399400e+02	0.0000000000e+00
6.7470678700e+02	0.0000000000e+00
6.7681958000e+02	0.0000000000e+00
6.7893243400e+02	0.0000000000e+00
6.8104528800e+02	0.0000000000e+00
6.8315808100e+02	0.0000000000e+00
6.8527087400e+02	0.0000000000e+00
6.8738366700e+02	0.0000000000e+00
6.8949646000e+02	0.0000000000e+00
6.9160925300e+02	0.0000000000e+00
6.9372204600e+02	0.0000000000e+00
6.9583483900e+02	2.0603201058e-03
6.9794763200e+02	2.5728128489e-01
7.0006042500e+02	2.1203101762e+00
7.0217321800e+02	6.9895882826e+00
7.0428601100e+02	1.4883411898e+01
7.0639880400e+02	2.4770319830e+01
7.0851159700e+02	3.5353261317e+01
7.1062439000e+02	4.5542268932e+01
7.1273718300e+02	5.4605424833e+01
7.1484997600e+02	6.2148608791e+01
7.1696289100e+02	6.8035159588e+01
7.1907568400e+02	7.2298813476e+01
7.2118847700e+02	7.5075418066e+01
7.2330127000e+02	7.6550697962e+01
7.2541406200e+02	7.6927001375e+01
7.2752685500e+02	7.6402681443e+01
7.2963964800e+02	7.5160599549e+01
7.3175244100e+02	7.3362655889e+01
7.3386523400e+02	7.1148090918e+01
7.3597802700e+02	6.8634010254e+01
7.3809082000e+02	6.5917110970e+01
7.4020361300e+02	6.3075960958e+01
7.4231640600e+02	6.0173436789e+01
7.4442919900e+02	5.7259092691e+01
7.4654199200e+02	5.4371340353e+01
7.4865478500e+02	5.1539385821e+01
7.5076757800e+02	4.8784909587e+01
7.5288037100e+02	4.6123498591e+01
7.5499328600e+02	4.3565706087e+01
7.5710607900e+02	4.1118638719e+01
7.5921887200e+02	3.8785896946e+01
7.6133166500e+02	3.6568849857e+01
7.6344445800e+02	3.4467035735e+01
7.6555725100e+02	3.2478608035e+01
7.6767004400e+02	3.0600694045e+01
7.6978283700e+02	2.8829681615e+01
7.7189563000e+02	2.7161446951e+01
7.7400842300e+02	2.5591534334e+01
7.7612121600e+02	2.4115296795e+01
7.7823400900e+02	2.2728005205e+01
7.8034680200e+02	2.1424931890e+01
7.8245959500e+02	2.0201413823e+01
7.8457238800e+02	1.9052899466e+01
7.8668518100e+02	1.7974982614e+01
7.8879797400e+02	1.6963425945e+01
7.9091082800e+02	1.6014149925e+01
7.9302368200e+02	1.5123324827e+01
7.9513647500e+02	1.4287311857e+01
7.9724926800e+02	1.3502620745e+01
7.9936206100e+02	1.2765983519e+01
8.0147485400e+02	1.2074323475e+01
8.0358764600e+02	1.1424749459e+01
8.0570043900e+02	1.0814547581e+01
8.0781323200e+02	1.0241175272e+01
8.0992602500e+02	9.7022518333e+00
8.1203881800e+02	9.1955503422e+00
8.1415161100e+02	8.7189892078e+00
8.1626440400e+02	8.2706238186e+00
8.1837719700e+02	7.8486383754e+00
8.2048999000e+02	7.4513379782e+00
8.2260278300e+02	7.0771410157e+00
8.2471557600e+02	6.7245718886e+00
8.2682836900e+02	6.3922540868e+00
8.2894128400e+02	6.0788860588e+00
8.3105407700e+02	5.7833062889e+00
8.3316687000e+02	5.5043790024e+00
8.3527966300e+02	5.2410620719e+00
8.3739245600e+02	4.9923832490e+00
8.3950524900e+02	4.7574353552e+00
8.4161804200e+02	4.5353717871e+00
8.4373083500e+02	4.3254023214e+00
8.4584362800e+02	4.1267892030e+00
8.4795642100e+02	3.9388435013e+00
