# Filename: guide/20230916PSI_FT7521_streak_targetWL_disp_FT7521Red1.ascii
 
Time explicit
Intervalnr 1
0.0
6.5146606400e+02	6.0064398215e-01
6.5357885700e+02	8.4430749470e-01
6.5569165000e+02	1.0807427549e+00
6.5780444300e+02	1.2254067561e+00
6.5991723600e+02	1.3950821259e+00
6.6203002900e+02	2.1710827945e+00
6.6414282200e+02	2.0848699433e+00
6.6625561500e+02	2.4795366139e+00
6.6836840800e+02	3.7265179222e+00
6.7048120100e+02	5.3700768317e+00
6.7259399400e+02	5.8291796178e+00
6.7470678700e+02	6.4727482386e+00
6.7681970200e+02	8.5641847668e+00
6.7893249500e+02	9.2928701635e+00
6.8104528800e+02	1.1499674645e+01
6.8315808100e+02	1.2417797777e+01
6.8527087400e+02	1.1620994040e+01
6.8738366700e+02	1.3957270060e+01
6.8949646000e+02	1.5223334328e+01
6.9160925300e+02	1.8260903331e+01
6.9372204600e+02	2.3712643636e+01
6.9583483900e+02	2.5780135730e+01
6.9794763200e+02	2.9345448930e+01
7.0006042500e+02	2.9375744111e+01
7.0217321800e+02	3.1167962453e+01
7.0428601100e+02	3.3200926358e+01
7.0639880400e+02	3.3457690170e+01
7.0851159700e+02	3.6386431449e+01
7.1062439000e+02	3.3682475727e+01
7.1273724400e+02	3.7147429312e+01
7.1485009800e+02	3.6389846272e+01
7.1696289100e+02	3.4602411599e+01
7.1907568400e+02	3.1637743184e+01
7.2118847700e+02	2.9954927267e+01
7.2330127000e+02	2.8349572189e+01
7.2541406200e+02	2.6822436720e+01
7.2752685500e+02	2.5286650886e+01
7.2963964800e+02	2.0631294758e+01
7.3175244100e+02	2.1461266639e+01
7.3386523400e+02	2.0480261312e+01
7.3597802700e+02	1.6368177989e+01
7.3809082000e+02	1.5350794757e+01
7.4020361300e+02	1.5186824755e+01
7.4231640600e+02	1.0923259598e+01
7.4442919900e+02	1.0473778529e+01
7.4654199200e+02	1.1948350123e+01
7.4865478500e+02	9.4498471972e+00
7.5076770000e+02	9.8182930305e+00
7.5288049300e+02	9.2871913471e+00
7.5499328600e+02	7.3711231063e+00
7.5710607900e+02	6.5628068020e+00
7.5921887200e+02	8.0615123060e+00
7.6133166500e+02	7.3542814859e+00
7.6344445800e+02	7.2716512787e+00
7.6555725100e+02	8.6332713363e+00
7.6767004400e+02	8.4958427752e+00
7.6978283700e+02	6.9986222138e+00
7.7189563000e+02	5.4624183041e+00
7.7400842300e+02	5.1233130700e+00
7.7612121600e+02	6.2741170306e+00
7.7823400900e+02	6.0744981784e+00
7.8034680200e+02	5.2810979766e+00
7.8245959500e+02	5.2237797505e+00
7.8457238800e+02	6.1189327598e+00
7.8668518100e+02	4.9509306108e+00
7.8879809600e+02	6.2482779358e+00
7.9091088900e+02	5.0597318641e+00
7.9302368200e+02	5.6633472078e+00
7.9513647500e+02	5.1847345089e+00
7.9724926800e+02	4.7620496613e+00
7.9936206100e+02	4.1050244974e+00
8.0147485400e+02	4.1215267356e+00
8.0358764600e+02	3.5647333248e+00
8.0570043900e+02	2.8854543276e+00
8.0781323200e+02	2.5470865602e+00
8.0992602500e+02	2.8728908433e+00
8.1203881800e+02	2.1211904313e+00
8.1415161100e+02	1.9404733130e+00
8.1626440400e+02	1.4740661935e+00
8.1837719700e+02	1.8580941038e+00
8.2048999000e+02	1.5804944415e+00
8.2260278300e+02	1.0895232009e+00
8.2471563700e+02	1.0854227049e+00
8.2682849100e+02	1.2298561256e+00
8.2894128400e+02	5.2873277764e-01
8.3105407700e+02	7.6402054423e-01
8.3316687000e+02	3.5276873523e-01
8.3527966300e+02	6.3346964273e-01
8.3739245600e+02	4.9940440469e-01
8.3950524900e+02	1.8213190524e-01
8.4161804200e+02	3.7678147998e-02
8.4373083500e+02	0.0000000000e+00
8.4584362800e+02	0.0000000000e+00
8.4795642100e+02	0.0000000000e+00
