# Filename: guide/20230912PSI_FT7521_streak_targetWL_disp_FT7521Bulk.ascii
 
Time explicit
Intervalnr 1
0.0
6.5146606400e+02	3.8919542326e+00
6.5357885700e+02	5.4127313414e+00
6.5569165000e+02	8.6413003222e+00
6.5780444300e+02	1.3845709424e+01
6.5991723600e+02	2.0314136469e+01
6.6203002900e+02	2.8631687496e+01
6.6414282200e+02	4.3992928353e+01
6.6625561500e+02	5.7594853968e+01
6.6836840800e+02	8.2726744262e+01
6.7048120100e+02	1.0729084851e+02
6.7259399400e+02	1.4841159681e+02
6.7470678700e+02	1.8888107832e+02
6.7681970200e+02	2.3021112125e+02
6.7893249500e+02	2.7987217897e+02
6.8104528800e+02	3.1934689835e+02
6.8315808100e+02	3.4954204597e+02
6.8527087400e+02	3.7754690409e+02
6.8738366700e+02	3.8164549285e+02
6.8949646000e+02	3.8161645652e+02
6.9160925300e+02	3.5000148585e+02
6.9372204600e+02	3.3255249592e+02
6.9583483900e+02	3.1076037797e+02
6.9794763200e+02	2.7281575523e+02
7.0006042500e+02	2.4346164473e+02
7.0217321800e+02	2.1957648753e+02
7.0428601100e+02	1.8841298568e+02
7.0639880400e+02	1.6868977442e+02
7.0851159700e+02	1.4925244737e+02
7.1062439000e+02	1.4815889981e+02
7.1273724400e+02	1.2440528046e+02
7.1485009800e+02	1.0953757256e+02
7.1696289100e+02	1.0003208259e+02
7.1907568400e+02	8.3566576852e+01
7.2118847700e+02	7.7824147178e+01
7.2330127000e+02	7.1799531167e+01
7.2541406200e+02	6.9466904148e+01
7.2752685500e+02	6.8411906424e+01
7.2963964800e+02	7.3114023842e+01
7.3175244100e+02	6.3296477800e+01
7.3386523400e+02	6.2196873150e+01
7.3597802700e+02	6.9035097782e+01
7.3809082000e+02	7.6334102553e+01
7.4020361300e+02	6.8829934335e+01
7.4231640600e+02	7.4015157312e+01
7.4442919900e+02	6.4739271468e+01
7.4654199200e+02	5.9958217185e+01
7.4865478500e+02	6.4108288608e+01
7.5076770000e+02	6.2228187191e+01
7.5288049300e+02	5.6020332432e+01
7.5499328600e+02	5.4419338679e+01
7.5710607900e+02	5.0943266255e+01
7.5921887200e+02	4.3384519753e+01
7.6133166500e+02	4.3882864138e+01
7.6344445800e+02	3.4145597501e+01
7.6555725100e+02	3.0715527747e+01
7.6767004400e+02	2.6261339201e+01
7.6978283700e+02	2.5710251044e+01
7.7189563000e+02	2.4665277332e+01
7.7400842300e+02	2.1683749638e+01
7.7612121600e+02	1.6416940563e+01
7.7823400900e+02	1.4740556145e+01
7.8034680200e+02	1.2596257931e+01
7.8245959500e+02	9.4647865221e+00
7.8457238800e+02	8.2613892094e+00
7.8668518100e+02	9.9810605519e+00
7.8879809600e+02	6.4064122381e+00
7.9091088900e+02	9.9640875895e+00
7.9302368200e+02	6.5341688864e+00
7.9513647500e+02	3.8331084119e+00
7.9724926800e+02	7.0448435707e+00
7.9936206100e+02	4.0455038669e+00
8.0147485400e+02	2.1073499562e+00
8.0358764600e+02	8.6396944596e-01
8.0570043900e+02	3.8165340719e+00
8.0781323200e+02	3.5532238020e+00
8.0992602500e+02	9.2778149103e-02
8.1203881800e+02	0.0000000000e+00
8.1415161100e+02	1.7276802929e+00
8.1626440400e+02	1.8049121724e-01
8.1837719700e+02	0.0000000000e+00
8.2048999000e+02	0.0000000000e+00
8.2260278300e+02	2.0572643166e+00
8.2471563700e+02	6.0572685091e-01
8.2682849100e+02	0.0000000000e+00
8.2894128400e+02	1.2551530587e+00
8.3105407700e+02	4.5638363025e-01
8.3316687000e+02	1.4454351764e+00
8.3527966300e+02	0.0000000000e+00
8.3739245600e+02	1.0969955717e+00
8.3950524900e+02	1.6104231469e+00
8.4161804200e+02	2.5051638726e+00
8.4373083500e+02	1.6877268883e+00
8.4584362800e+02	1.1001776364e+00
8.4795642100e+02	1.4361104439e+00
