# Filename: guide/20230915PSI_CF9212_streak_targetWL_disp_CF9212WLRC.ascii
 
Time explicit
Intervalnr 1
8.0
6.5146606400e+02	0.0000000000e+00
6.5357885700e+02	0.0000000000e+00
6.5569165000e+02	0.0000000000e+00
6.5780444300e+02	0.0000000000e+00
6.5991723600e+02	5.8707395189e-01
6.6203002900e+02	7.9412551307e-01
6.6414282200e+02	1.0829506871e+00
6.6625561500e+02	1.5302258220e+00
6.6836840800e+02	2.1011558921e+00
6.7048120100e+02	2.8996885633e+00
6.7259399400e+02	3.8529338161e+00
6.7470678700e+02	5.9081852493e+00
6.7681958000e+02	6.9096489865e+00
6.7893243400e+02	9.5137182609e+00
6.8104528800e+02	1.2516438497e+01
6.8315808100e+02	1.7538361771e+01
6.8527087400e+02	2.2192919696e+01
6.8738366700e+02	2.9302654823e+01
6.8949646000e+02	3.3795787103e+01
6.9160925300e+02	4.2269684123e+01
6.9372204600e+02	4.2775268320e+01
6.9583483900e+02	4.8438242111e+01
6.9794763200e+02	4.6768930162e+01
7.0006042500e+02	4.9435087736e+01
7.0217321800e+02	4.0674540078e+01
7.0428601100e+02	4.0181087118e+01
7.0639880400e+02	3.2266815310e+01
7.0851159700e+02	2.9608374368e+01
7.1062439000e+02	2.2663805519e+01
7.1273718300e+02	1.9918234030e+01
7.1484997600e+02	1.5674953116e+01
7.1696289100e+02	1.3847390632e+01
7.1907568400e+02	1.5194064236e+01
7.2118847700e+02	1.1538024142e+01
7.2330127000e+02	1.2911107883e+01
7.2541406200e+02	1.0434105198e+01
7.2752685500e+02	1.1026673705e+01
7.2963964800e+02	8.9693514312e+00
7.3175244100e+02	1.0432750851e+01
7.3386523400e+02	7.7146368218e+00
7.3597802700e+02	9.5784784546e+00
7.3809082000e+02	8.5396363624e+00
7.4020361300e+02	9.5798869340e+00
7.4231640600e+02	8.9474902903e+00
7.4442919900e+02	1.1003062710e+01
7.4654199200e+02	8.6261240878e+00
7.4865478500e+02	8.6644962370e+00
7.5076757800e+02	9.4592385913e+00
7.5288037100e+02	9.5125138083e+00
7.5499328600e+02	9.4640130832e+00
7.5710607900e+02	1.0286527203e+01
7.5921887200e+02	9.3074086175e+00
7.6133166500e+02	7.1460259146e+00
7.6344445800e+02	7.9893620349e+00
7.6555725100e+02	6.8988494055e+00
7.6767004400e+02	6.0566443293e+00
7.6978283700e+02	5.4178842946e+00
7.7189563000e+02	5.4341097100e+00
7.7400842300e+02	5.0204921251e+00
7.7612121600e+02	4.5287114135e+00
7.7823400900e+02	3.7302945744e+00
7.8034680200e+02	4.3264556836e+00
7.8245959500e+02	1.9061316362e+00
7.8457238800e+02	3.5122482988e+00
7.8668518100e+02	1.4011998835e+00
7.8879797400e+02	3.1748909610e+00
7.9091082800e+02	1.1970265623e+00
7.9302368200e+02	2.5729833351e+00
7.9513647500e+02	1.1323003278e+00
7.9724926800e+02	2.0982069336e+00
7.9936206100e+02	9.6187573397e-01
8.0147485400e+02	2.2977143757e+00
8.0358764600e+02	1.9007849800e+00
8.0570043900e+02	1.8010022032e+00
8.0781323200e+02	1.5971083203e+00
8.0992602500e+02	1.9170546765e+00
8.1203881800e+02	7.5395369272e-01
8.1415161100e+02	1.7113371221e+00
8.1626440400e+02	1.1401409651e+00
8.1837719700e+02	1.3360764705e+00
8.2048999000e+02	1.5696249440e+00
8.2260278300e+02	1.2532964203e+00
8.2471557600e+02	9.3776355513e-01
8.2682836900e+02	1.1245580840e+00
8.2894128400e+02	8.5058081788e-01
8.3105407700e+02	1.1931202841e+00
8.3316687000e+02	1.0506846866e+00
8.3527966300e+02	1.1241478552e+00
8.3739245600e+02	9.6383451262e-01
8.3950524900e+02	9.9048046846e-01
8.4161804200e+02	7.9655584834e-01
8.4373083500e+02	8.6283872008e-01
8.4584362800e+02	3.3018834337e-01
8.4795642100e+02	7.8729093521e-01
