# Filename: guide/20230915PSI_CF9212_streak_targetWL_disp_CF9212Bulk.ascii
 
Time explicit
Intervalnr 1
8.0
6.5146606400e+02	2.9982025929e-01
6.5357885700e+02	3.4931366624e-01
6.5569165000e+02	5.3169385935e-01
6.5780444300e+02	7.2426096350e-01
6.5991723600e+02	1.0128129679e+00
6.6203002900e+02	1.4969232283e+00
6.6414282200e+02	2.0699012295e+00
6.6625561500e+02	3.0013007059e+00
6.6836840800e+02	4.1923145281e+00
6.7048120100e+02	5.8286326675e+00
6.7259399400e+02	7.7430388311e+00
6.7470678700e+02	1.0044516440e+01
6.7681958000e+02	1.3337205599e+01
6.7893243400e+02	1.6507244439e+01
6.8104528800e+02	2.0036174116e+01
6.8315808100e+02	2.3434692149e+01
6.8527087400e+02	2.7529172037e+01
6.8738366700e+02	2.9166174411e+01
6.8949646000e+02	3.0543259966e+01
6.9160925300e+02	2.8927635102e+01
6.9372204600e+02	2.6157337616e+01
6.9583483900e+02	2.3017214664e+01
6.9794763200e+02	2.0121732615e+01
7.0006042500e+02	1.6310987470e+01
7.0217321800e+02	1.4570506758e+01
7.0428601100e+02	1.1195638339e+01
7.0639880400e+02	9.4204247880e+00
7.0851159700e+02	7.9965692587e+00
7.1062439000e+02	7.3528853143e+00
7.1273718300e+02	6.4641126886e+00
7.1484997600e+02	6.1360226032e+00
7.1696289100e+02	4.7962314079e+00
7.1907568400e+02	4.0525207566e+00
7.2118847700e+02	4.0102902619e+00
7.2330127000e+02	3.6902033304e+00
7.2541406200e+02	3.4598645586e+00
7.2752685500e+02	3.4081875925e+00
7.2963964800e+02	3.0394679717e+00
7.3175244100e+02	3.3104399146e+00
7.3386523400e+02	3.6018191951e+00
7.3597802700e+02	3.5276895046e+00
7.3809082000e+02	3.5070866674e+00
7.4020361300e+02	3.9486983836e+00
7.4231640600e+02	4.2723516644e+00
7.4442919900e+02	4.5231904689e+00
7.4654199200e+02	4.5054442668e+00
7.4865478500e+02	4.3370799058e+00
7.5076757800e+02	4.3594698435e+00
7.5288037100e+02	3.9184867018e+00
7.5499328600e+02	3.9610303064e+00
7.5710607900e+02	3.2322445984e+00
7.5921887200e+02	3.2932552927e+00
7.6133166500e+02	3.1184367937e+00
7.6344445800e+02	2.8492494915e+00
7.6555725100e+02	3.0371219113e+00
7.6767004400e+02	2.3920564526e+00
7.6978283700e+02	1.9648939268e+00
7.7189563000e+02	1.8849024680e+00
7.7400842300e+02	1.9145588626e+00
7.7612121600e+02	1.3766589698e+00
7.7823400900e+02	1.5187293444e+00
7.8034680200e+02	1.1639517169e+00
7.8245959500e+02	1.2527806225e+00
7.8457238800e+02	8.1587004941e-01
7.8668518100e+02	8.2851693127e-01
7.8879797400e+02	5.3630255024e-01
7.9091082800e+02	6.6064433889e-01
7.9302368200e+02	8.5681579799e-01
7.9513647500e+02	1.0464603963e+00
7.9724926800e+02	5.3339605298e-01
7.9936206100e+02	6.5664578393e-01
8.0147485400e+02	4.0441993901e-01
8.0358764600e+02	3.1566155057e-01
8.0570043900e+02	4.5714944362e-01
8.0781323200e+02	4.7137105910e-01
8.0992602500e+02	2.8396729381e-01
8.1203881800e+02	3.2383144241e-01
8.1415161100e+02	2.4221541576e-01
8.1626440400e+02	3.7895547775e-01
8.1837719700e+02	1.4743603726e-02
8.2048999000e+02	2.4903901959e-01
8.2260278300e+02	3.1361965309e-01
8.2471557600e+02	1.3201406965e-01
8.2682836900e+02	3.1453165144e-01
8.2894128400e+02	2.4136124531e-01
8.3105407700e+02	2.4688388801e-01
8.3316687000e+02	2.6804039442e-01
8.3527966300e+02	2.4212478940e-01
8.3739245600e+02	2.3917434629e-01
8.3950524900e+02	2.4134883794e-01
8.4161804200e+02	3.2069909819e-01
8.4373083500e+02	2.2648447437e-01
8.4584362800e+02	2.7210614294e-01
8.4795642100e+02	1.9554690972e-01
