# Filename: guide/20230913PSI_CF9212_streak_target_dispRP2_CF9212freeChlf.ascii
 
Time explicit
Intervalnr 1
0.0
6.5146606400e+02	0.0000000000e+00
6.5357885700e+02	0.0000000000e+00
6.5569165000e+02	0.0000000000e+00
6.5780444300e+02	0.0000000000e+00
6.5991723600e+02	0.0000000000e+00
6.6203002900e+02	0.0000000000e+00
6.6414282200e+02	0.0000000000e+00
6.6625561500e+02	0.0000000000e+00
6.6836840800e+02	0.0000000000e+00
6.7048120100e+02	0.0000000000e+00
6.7259399400e+02	0.0000000000e+00
6.7470678700e+02	0.0000000000e+00
6.7681958000e+02	0.0000000000e+00
6.7893243400e+02	0.0000000000e+00
6.8104528800e+02	0.0000000000e+00
6.8315808100e+02	0.0000000000e+00
6.8527087400e+02	0.0000000000e+00
6.8738366700e+02	0.0000000000e+00
6.8949646000e+02	0.0000000000e+00
6.9160925300e+02	0.0000000000e+00
6.9372204600e+02	0.0000000000e+00
6.9583483900e+02	0.0000000000e+00
6.9794763200e+02	0.0000000000e+00
7.0006042500e+02	6.0123531451e-01
7.0217321800e+02	8.7552070429e-01
7.0428601100e+02	1.3270920417e+00
7.0639880400e+02	1.8277586289e+00
7.0851159700e+02	2.4612756187e+00
7.1062439000e+02	3.4286823609e+00
7.1273718300e+02	4.5414724882e+00
7.1484997600e+02	5.8294703564e+00
7.1696289100e+02	7.2682333409e+00
7.1907568400e+02	8.7483920860e+00
7.2118847700e+02	1.0733589968e+01
7.2330127000e+02	1.2928917730e+01
7.2541406200e+02	1.4960152968e+01
7.2752685500e+02	1.7843380991e+01
7.2963964800e+02	2.0560927702e+01
7.3175244100e+02	2.3857719797e+01
7.3386523400e+02	2.6513182444e+01
7.3597802700e+02	2.7391871357e+01
7.3809082000e+02	2.9484276042e+01
7.4020361300e+02	2.9528278874e+01
7.4231640600e+02	2.8574123305e+01
7.4442919900e+02	2.6003040593e+01
7.4654199200e+02	2.3295689302e+01
7.4865478500e+02	2.1590565397e+01
7.5076757800e+02	1.7557938848e+01
7.5288037100e+02	1.5030491937e+01
7.5499328600e+02	1.2933179070e+01
7.5710607900e+02	1.1402724706e+01
7.5921887200e+02	1.0242402218e+01
7.6133166500e+02	9.6332659486e+00
7.6344445800e+02	6.6437243504e+00
7.6555725100e+02	5.9334607652e+00
7.6767004400e+02	4.1171981816e+00
7.6978283700e+02	4.0886683760e+00
7.7189563000e+02	3.1826979959e+00
7.7400842300e+02	3.4980428694e+00
7.7612121600e+02	3.6478571549e+00
7.7823400900e+02	2.4196911093e+00
7.8034680200e+02	2.7598644662e+00
7.8245959500e+02	1.6142215012e+00
7.8457238800e+02	2.2380839599e+00
7.8668518100e+02	2.4502075281e+00
7.8879797400e+02	2.1150675000e+00
7.9091082800e+02	1.8113727773e+00
7.9302368200e+02	2.0373694891e+00
7.9513647500e+02	2.5356488880e+00
7.9724926800e+02	3.8302922176e+00
7.9936206100e+02	3.2252124117e+00
8.0147485400e+02	3.3271413238e+00
8.0358764600e+02	2.9159363342e+00
8.0570043900e+02	2.0626022134e+00
8.0781323200e+02	1.8557173194e+00
8.0992602500e+02	2.7235864159e+00
8.1203881800e+02	2.0675552603e+00
8.1415161100e+02	2.1505860827e+00
8.1626440400e+02	1.5397813976e+00
8.1837719700e+02	1.6548073690e+00
8.2048999000e+02	1.9182334411e+00
8.2260278300e+02	1.9273003199e+00
8.2471557600e+02	1.3781742537e+00
8.2682836900e+02	1.3554087248e+00
8.2894128400e+02	1.3808382807e+00
8.3105407700e+02	1.2658119148e+00
8.3316687000e+02	1.0465084545e+00
8.3527966300e+02	1.3517403828e+00
8.3739245600e+02	1.6156856997e+00
8.3950524900e+02	1.0129444505e+00
8.4161804200e+02	1.2957541859e+00
8.4373083500e+02	1.4968499857e+00
8.4584362800e+02	1.4839874846e+00
8.4795642100e+02	1.2973006651e+00
