# Filename: guide/20230912PSI_CF9212_streak_targetWL_disp_CF9212freeChla.ascii
 
Time explicit
Intervalnr 1
8.0
6.5146606400e+02	9.4480735692e-01
6.5357885700e+02	1.3255939623e+00
6.5569165000e+02	1.8658466503e+00
6.5780444300e+02	2.7288109502e+00
6.5991723600e+02	3.9618827832e+00
6.6203002900e+02	5.3760802396e+00
6.6414282200e+02	7.2194276737e+00
6.6625561500e+02	9.8483526858e+00
6.6836840800e+02	1.2670926882e+01
6.7048120100e+02	1.5467046434e+01
6.7259399400e+02	1.8663587937e+01
6.7470678700e+02	2.1345449498e+01
6.7681958000e+02	2.3968310534e+01
6.7893243400e+02	2.4836243727e+01
6.8104528800e+02	2.4675497086e+01
6.8315808100e+02	2.4235449593e+01
6.8527087400e+02	2.2603703634e+01
6.8738366700e+02	1.9712289905e+01
6.8949646000e+02	1.7446807826e+01
6.9160925300e+02	1.4433318722e+01
6.9372204600e+02	1.2216959161e+01
6.9583483900e+02	1.0461747280e+01
6.9794763200e+02	9.4230207410e+00
7.0006042500e+02	8.1776979852e+00
7.0217321800e+02	7.4145577166e+00
7.0428601100e+02	6.7666515743e+00
7.0639880400e+02	6.2513365572e+00
7.0851159700e+02	5.8102203644e+00
7.1062439000e+02	5.8586431662e+00
7.1273718300e+02	5.8671192564e+00
7.1484997600e+02	5.7883115144e+00
7.1696289100e+02	5.6692182804e+00
7.1907568400e+02	5.6665256904e+00
7.2118847700e+02	5.5299376424e+00
7.2330127000e+02	5.1954034963e+00
7.2541406200e+02	5.1585913635e+00
7.2752685500e+02	5.2056324944e+00
7.2963964800e+02	5.2729711573e+00
7.3175244100e+02	5.1973406085e+00
7.3386523400e+02	5.3690349268e+00
7.3597802700e+02	5.1926761425e+00
7.3809082000e+02	5.0135386572e+00
7.4020361300e+02	4.8921077275e+00
7.4231640600e+02	4.6247888973e+00
7.4442919900e+02	4.0949158196e+00
7.4654199200e+02	3.8970065434e+00
7.4865478500e+02	3.6713506579e+00
7.5076757800e+02	3.3891846385e+00
7.5288037100e+02	3.0391204189e+00
7.5499328600e+02	2.6899834706e+00
7.5710607900e+02	2.3698121209e+00
7.5921887200e+02	2.2481862365e+00
7.6133166500e+02	2.0710480588e+00
7.6344445800e+02	1.8316957675e+00
7.6555725100e+02	1.6623277631e+00
7.6767004400e+02	1.3616797086e+00
7.6978283700e+02	1.1527332387e+00
7.7189563000e+02	1.0452502035e+00
7.7400842300e+02	9.3475089800e-01
7.7612121600e+02	8.6553253715e-01
7.7823400900e+02	7.6436178844e-01
7.8034680200e+02	7.4122514828e-01
7.8245959500e+02	6.9823452501e-01
7.8457238800e+02	6.2110299189e-01
7.8668518100e+02	6.1038311894e-01
7.8879797400e+02	5.5586472030e-01
7.9091082800e+02	5.6767802874e-01
7.9302368200e+02	5.1361446105e-01
7.9513647500e+02	4.8430033585e-01
7.9724926800e+02	5.5211436469e-01
7.9936206100e+02	5.9407724298e-01
8.0147485400e+02	5.3071482640e-01
8.0358764600e+02	4.7165385275e-01
8.0570043900e+02	5.2305358743e-01
8.0781323200e+02	4.7055605142e-01
8.0992602500e+02	5.0329260106e-01
8.1203881800e+02	4.6214584372e-01
8.1415161100e+02	4.7499542165e-01
8.1626440400e+02	4.0603016895e-01
8.1837719700e+02	4.2743063309e-01
8.2048999000e+02	3.2671147410e-01
8.2260278300e+02	3.8768747723e-01
8.2471557600e+02	4.2575858086e-01
8.2682836900e+02	4.2548498763e-01
8.2894128400e+02	3.7149760044e-01
8.3105407700e+02	3.5889363091e-01
8.3316687000e+02	3.8122520281e-01
8.3527966300e+02	3.6601883263e-01
8.3739245600e+02	3.4364831039e-01
8.3950524900e+02	3.4340584186e-01
8.4161804200e+02	2.7395890458e-01
8.4373083500e+02	3.1519342885e-01
8.4584362800e+02	3.3762967564e-01
8.4795642100e+02	3.1890055546e-01
