# Filename: guide/20230912PSI_CF9212_streak_targetWL_disp_CF9212Bulk.ascii
 
Time explicit
Intervalnr 1
8.0
6.5146606400e+02	2.9151155180e-01
6.5357885700e+02	3.4398287743e-01
6.5569165000e+02	5.1833257663e-01
6.5780444300e+02	7.1019813411e-01
6.5991723600e+02	9.7972575821e-01
6.6203002900e+02	1.4529877603e+00
6.6414282200e+02	2.0091178243e+00
6.6625561500e+02	2.8974577952e+00
6.6836840800e+02	4.0704756661e+00
6.7048120100e+02	5.6531291047e+00
6.7259399400e+02	7.5120231027e+00
6.7470678700e+02	9.7630315845e+00
6.7681958000e+02	1.2982173614e+01
6.7893243400e+02	1.6083749140e+01
6.8104528800e+02	1.9540055464e+01
6.8315808100e+02	2.2854645492e+01
6.8527087400e+02	2.6833478402e+01
6.8738366700e+02	2.8455291987e+01
6.8949646000e+02	2.9827212187e+01
6.9160925300e+02	2.8299286556e+01
6.9372204600e+02	2.5678818307e+01
6.9583483900e+02	2.2682253916e+01
6.9794763200e+02	1.9826865619e+01
7.0006042500e+02	1.6137220070e+01
7.0217321800e+02	1.4442372738e+01
7.0428601100e+02	1.1181695242e+01
7.0639880400e+02	9.4501179364e+00
7.0851159700e+02	8.0101409340e+00
7.1062439000e+02	7.3616308917e+00
7.1273718300e+02	6.4735285676e+00
7.1484997600e+02	6.1180982763e+00
7.1696289100e+02	4.8017027662e+00
7.1907568400e+02	4.0168012859e+00
7.2118847700e+02	3.8925132547e+00
7.2330127000e+02	3.5130722331e+00
7.2541406200e+02	3.2370552646e+00
7.2752685500e+02	3.1941159880e+00
7.2963964800e+02	2.8196663820e+00
7.3175244100e+02	3.0647501757e+00
7.3386523400e+02	3.3476396352e+00
7.3597802700e+02	3.2551880327e+00
7.3809082000e+02	3.1755785819e+00
7.4020361300e+02	3.6033516626e+00
7.4231640600e+02	3.9130534989e+00
7.4442919900e+02	4.1470835651e+00
7.4654199200e+02	4.1794042456e+00
7.4865478500e+02	4.0497088210e+00
7.5076757800e+02	4.0902491976e+00
7.5288037100e+02	3.6637134437e+00
7.5499328600e+02	3.7128163599e+00
7.5710607900e+02	3.0104591812e+00
7.5921887200e+02	3.0660403735e+00
7.6133166500e+02	2.9453774574e+00
7.6344445800e+02	2.6956376281e+00
7.6555725100e+02	2.8803059739e+00
7.6767004400e+02	2.2801708180e+00
7.6978283700e+02	1.8767364638e+00
7.7189563000e+02	1.7976363980e+00
7.7400842300e+02	1.8121969628e+00
7.7612121600e+02	1.3338608400e+00
7.7823400900e+02	1.4536173289e+00
7.8034680200e+02	1.1257706182e+00
7.8245959500e+02	1.1820284078e+00
7.8457238800e+02	7.9861329418e-01
7.8668518100e+02	7.9877195976e-01
7.8879797400e+02	5.2035342042e-01
7.9091082800e+02	6.3817841443e-01
7.9302368200e+02	8.1869539841e-01
7.9513647500e+02	1.0085479536e+00
7.9724926800e+02	5.3536595443e-01
7.9936206100e+02	6.7291706942e-01
8.0147485400e+02	4.1685624232e-01
8.0358764600e+02	3.3493166017e-01
8.0570043900e+02	4.6127058742e-01
8.0781323200e+02	4.6196153944e-01
8.0992602500e+02	2.9462769078e-01
8.1203881800e+02	3.1528728430e-01
8.1415161100e+02	2.3660364210e-01
8.1626440400e+02	3.6291084946e-01
8.1837719700e+02	3.5840773136e-02
8.2048999000e+02	2.2353544156e-01
8.2260278300e+02	2.9487901835e-01
8.2471557600e+02	1.3703666250e-01
8.2682836900e+02	3.0127618750e-01
8.2894128400e+02	2.2780747495e-01
8.3105407700e+02	2.2747612902e-01
8.3316687000e+02	2.4413711427e-01
8.3527966300e+02	2.3042580535e-01
8.3739245600e+02	2.1793568960e-01
8.3950524900e+02	2.3013464019e-01
8.4161804200e+02	2.9163519160e-01
8.4373083500e+02	2.0788297053e-01
8.4584362800e+02	2.7445549863e-01
8.4795642100e+02	1.8455667462e-01
