# Filename: guide/20230912PSI_FT7521_streak_targetWL_disp_FT7521Red2.ascii
 
Time explicit
Intervalnr 1
0.0
6.5146606400e+02	9.2764630820e-02
6.5357885700e+02	1.7305054943e+00
6.5569165000e+02	4.0019740680e+00
6.5780444300e+02	1.4439426229e+01
6.5991723600e+02	1.9144223327e+01
6.6203002900e+02	3.2559552789e+01
6.6414282200e+02	3.8965166310e+01
6.6625561500e+02	5.3046660976e+01
6.6836840800e+02	6.9837247420e+01
6.7048120100e+02	9.2606634779e+01
6.7259399400e+02	1.1205588994e+02
6.7470678700e+02	1.3139062146e+02
6.7681970200e+02	1.5494149386e+02
6.7893249500e+02	1.6878934662e+02
6.8104528800e+02	1.8736774469e+02
6.8315808100e+02	1.9176043598e+02
6.8527087400e+02	2.0174249329e+02
6.8738366700e+02	1.5743766950e+02
6.8949646000e+02	1.4372081691e+02
6.9160925300e+02	1.0341459068e+02
6.9372204600e+02	8.7259390252e+01
6.9583483900e+02	1.1890403246e+02
6.9794763200e+02	1.2409731736e+02
7.0006042500e+02	1.6411292884e+02
7.0217321800e+02	1.9566103641e+02
7.0428601100e+02	2.2578512689e+02
7.0639880400e+02	2.7042493549e+02
7.0851159700e+02	3.2713936141e+02
7.1062439000e+02	3.9536068802e+02
7.1273724400e+02	3.9996444735e+02
7.1485009800e+02	4.2094961891e+02
7.1696289100e+02	4.5811970227e+02
7.1907568400e+02	4.8820997437e+02
7.2118847700e+02	4.9178406550e+02
7.2330127000e+02	4.8282255039e+02
7.2541406200e+02	5.0048717433e+02
7.2752685500e+02	4.9406327624e+02
7.2963964800e+02	5.0594134610e+02
7.3175244100e+02	4.7852651238e+02
7.3386523400e+02	4.6299857045e+02
7.3597802700e+02	4.6139442107e+02
7.3809082000e+02	4.4803883705e+02
7.4020361300e+02	3.9731771729e+02
7.4231640600e+02	3.8863706363e+02
7.4442919900e+02	3.6027377283e+02
7.4654199200e+02	3.0560358706e+02
7.4865478500e+02	3.0759469525e+02
7.5076770000e+02	2.6409597258e+02
7.5288049300e+02	2.4203845392e+02
7.5499328600e+02	2.2771211082e+02
7.5710607900e+02	2.1526556167e+02
7.5921887200e+02	1.8798498320e+02
7.6133166500e+02	1.7492036142e+02
7.6344445800e+02	1.5334042508e+02
7.6555725100e+02	1.2112928247e+02
7.6767004400e+02	1.1322271957e+02
7.6978283700e+02	1.0846556361e+02
7.7189563000e+02	1.1392543835e+02
7.7400842300e+02	1.0017669329e+02
7.7612121600e+02	8.3044181520e+01
7.7823400900e+02	8.5184534388e+01
7.8034680200e+02	8.5090873326e+01
7.8245959500e+02	6.4586864195e+01
7.8457238800e+02	5.9572156288e+01
7.8668518100e+02	6.4969156027e+01
7.8879809600e+02	4.2410710403e+01
7.9091088900e+02	4.7746294898e+01
7.9302368200e+02	3.4148799795e+01
7.9513647500e+02	4.0377408134e+01
7.9724926800e+02	3.5331785984e+01
7.9936206100e+02	2.5038557339e+01
8.0147485400e+02	1.9793559103e+01
8.0358764600e+02	1.5384737394e+01
8.0570043900e+02	2.1645069318e+01
8.0781323200e+02	2.0859214890e+01
8.0992602500e+02	1.4350532088e+01
8.1203881800e+02	1.4170469549e+01
8.1415161100e+02	1.4797014221e+01
8.1626440400e+02	1.6595265102e+01
8.1837719700e+02	1.4064686258e+01
8.2048999000e+02	1.0313580975e+01
8.2260278300e+02	1.0984307227e+01
8.2471563700e+02	7.2187901060e+00
8.2682849100e+02	1.0494070055e+01
8.2894128400e+02	1.2974383491e+01
8.3105407700e+02	8.1513781245e+00
8.3316687000e+02	6.1013612962e+00
8.3527966300e+02	2.5474182960e+00
8.3739245600e+02	5.5921887907e+00
8.3950524900e+02	8.1321751524e+00
8.4161804200e+02	6.5738552874e+00
8.4373083500e+02	7.8031362860e+00
8.4584362800e+02	7.0507142838e+00
8.4795642100e+02	7.1726632805e+00
