# Filename: guide/20230916PSI_FT7521_streak_targetWL_disp_FT7521freeChla.ascii
 
Time explicit
Intervalnr 1
0.0
6.5146606400e+02	2.4237894149e+00
6.5357885700e+02	3.3063569135e+00
6.5569165000e+02	4.4407309488e+00
6.5780444300e+02	5.8717606433e+00
6.5991723600e+02	7.9160056195e+00
6.6203002900e+02	1.0797805625e+01
6.6414282200e+02	1.4675764881e+01
6.6625561500e+02	1.8778201535e+01
6.6836840800e+02	2.4257285030e+01
6.7048120100e+02	2.9342595851e+01
6.7259399400e+02	3.5487719490e+01
6.7470678700e+02	3.9341063104e+01
6.7681970200e+02	4.2393668364e+01
6.7893249500e+02	4.4277225260e+01
6.8104528800e+02	4.3857575799e+01
6.8315808100e+02	4.1117276267e+01
6.8527087400e+02	3.7481905342e+01
6.8738366700e+02	3.1532665842e+01
6.8949646000e+02	2.5957828624e+01
6.9160925300e+02	2.1328510559e+01
6.9372204600e+02	1.8299919980e+01
6.9583483900e+02	1.5320824328e+01
6.9794763200e+02	1.3428922172e+01
7.0006042500e+02	1.1797046388e+01
7.0217321800e+02	1.0512958485e+01
7.0428601100e+02	9.9020374362e+00
7.0639880400e+02	9.8721028892e+00
7.0851159700e+02	9.6048529362e+00
7.1062439000e+02	9.5075691637e+00
7.1273724400e+02	9.2614538225e+00
7.1485009800e+02	9.2366274557e+00
7.1696289100e+02	9.2802805599e+00
7.1907568400e+02	9.0422636732e+00
7.2118847700e+02	8.6529962034e+00
7.2330127000e+02	8.8966129887e+00
7.2541406200e+02	8.9917186308e+00
7.2752685500e+02	8.7804744407e+00
7.2963964800e+02	9.1936932027e+00
7.3175244100e+02	9.0991069623e+00
7.3386523400e+02	9.0799980623e+00
7.3597802700e+02	8.9993720026e+00
7.3809082000e+02	8.6798546623e+00
7.4020361300e+02	8.5171918923e+00
7.4231640600e+02	7.9905872897e+00
7.4442919900e+02	8.1009897672e+00
7.4654199200e+02	7.4374505666e+00
7.4865478500e+02	7.0886283850e+00
7.5076770000e+02	6.6643527971e+00
7.5288049300e+02	6.4681407382e+00
7.5499328600e+02	5.6012222786e+00
7.5710607900e+02	5.3889811930e+00
7.5921887200e+02	4.6863302626e+00
7.6133166500e+02	4.4510573490e+00
7.6344445800e+02	3.9250675971e+00
7.6555725100e+02	3.5951587345e+00
7.6767004400e+02	3.2464503895e+00
7.6978283700e+02	2.8307088212e+00
7.7189563000e+02	2.4556334962e+00
7.7400842300e+02	2.1159461973e+00
7.7612121600e+02	2.0716552044e+00
7.7823400900e+02	1.9000036684e+00
7.8034680200e+02	1.7172015311e+00
7.8245959500e+02	1.6969013264e+00
7.8457238800e+02	1.5547118660e+00
7.8668518100e+02	1.4972684284e+00
7.8879809600e+02	1.4647981773e+00
7.9091088900e+02	1.3693516307e+00
7.9302368200e+02	1.4308174504e+00
7.9513647500e+02	1.2987594418e+00
7.9724926800e+02	1.2030064022e+00
7.9936206100e+02	1.1259938604e+00
8.0147485400e+02	1.0786154932e+00
8.0358764600e+02	1.1001137968e+00
8.0570043900e+02	1.0211103552e+00
8.0781323200e+02	1.0480910459e+00
8.0992602500e+02	9.8741424008e-01
8.1203881800e+02	9.5736060545e-01
8.1415161100e+02	8.9471942639e-01
8.1626440400e+02	8.7137441966e-01
8.1837719700e+02	8.6619926158e-01
8.2048999000e+02	8.7135863019e-01
8.2260278300e+02	7.9818225558e-01
8.2471563700e+02	8.2227821345e-01
8.2682849100e+02	7.4999035297e-01
8.2894128400e+02	7.4947559866e-01
8.3105407700e+02	7.1631066044e-01
8.3316687000e+02	6.8144144076e-01
8.3527966300e+02	6.8091006076e-01
8.3739245600e+02	6.1051165738e-01
8.3950524900e+02	5.9479186583e-01
8.4161804200e+02	5.9842564594e-01
8.4373083500e+02	5.8093923093e-01
8.4584362800e+02	5.7668143404e-01
8.4795642100e+02	5.7700584081e-01
