# Filename: guide/20230912PSI_FT7521_streak_targetWL_disp_FT7521freeChla.ascii
 
Time explicit
Intervalnr 1
0.0
6.5146606400e+02	1.6320098172e+01
6.5357885700e+02	2.2816222182e+01
6.5569165000e+02	3.2754465587e+01
6.5780444300e+02	4.7805410108e+01
6.5991723600e+02	6.9759007261e+01
6.6203002900e+02	9.9952860439e+01
6.6414282200e+02	1.4203993878e+02
6.6625561500e+02	1.8898620661e+02
6.6836840800e+02	2.4749696319e+02
6.7048120100e+02	3.0350234192e+02
6.7259399400e+02	3.7274626607e+02
6.7470678700e+02	4.2142942910e+02
6.7681970200e+02	4.5929446234e+02
6.7893249500e+02	4.8606433573e+02
6.8104528800e+02	4.8308863183e+02
6.8315808100e+02	4.5923387969e+02
6.8527087400e+02	4.1330301072e+02
6.8738366700e+02	3.5238267932e+02
6.8949646000e+02	2.8667167125e+02
6.9160925300e+02	2.3508495239e+02
6.9372204600e+02	1.9785859713e+02
6.9583483900e+02	1.6583560917e+02
6.9794763200e+02	1.4360313371e+02
7.0006042500e+02	1.2794779723e+02
7.0217321800e+02	1.1632346315e+02
7.0428601100e+02	1.0601503873e+02
7.0639880400e+02	1.0214545788e+02
7.0851159700e+02	1.0161155608e+02
7.1062439000e+02	9.8715950087e+01
7.1273724400e+02	9.8495394047e+01
7.1485009800e+02	9.7819883254e+01
7.1696289100e+02	9.7289638777e+01
7.1907568400e+02	9.4286253695e+01
7.2118847700e+02	9.2682118992e+01
7.2330127000e+02	9.2118561626e+01
7.2541406200e+02	9.4513669803e+01
7.2752685500e+02	9.4030083040e+01
7.2963964800e+02	9.3744754678e+01
7.3175244100e+02	9.3648602445e+01
7.3386523400e+02	9.3953589613e+01
7.3597802700e+02	9.0079851358e+01
7.3809082000e+02	8.9124688582e+01
7.4020361300e+02	8.4350845307e+01
7.4231640600e+02	8.0116158637e+01
7.4442919900e+02	7.6145429632e+01
7.4654199200e+02	6.9280662911e+01
7.4865478500e+02	6.2650713532e+01
7.5076770000e+02	5.7570005261e+01
7.5288049300e+02	5.3905577660e+01
7.5499328600e+02	4.6432129445e+01
7.5710607900e+02	4.2464299157e+01
7.5921887200e+02	3.7565914376e+01
7.6133166500e+02	3.4683585512e+01
7.6344445800e+02	2.9413799486e+01
7.6555725100e+02	2.6861544353e+01
7.6767004400e+02	2.3393929081e+01
7.6978283700e+02	2.0565310054e+01
7.7189563000e+02	1.6999270209e+01
7.7400842300e+02	1.4938767819e+01
7.7612121600e+02	1.4445248300e+01
7.7823400900e+02	1.3040284193e+01
7.8034680200e+02	1.1281041981e+01
7.8245959500e+02	1.0993486516e+01
7.8457238800e+02	1.0304151092e+01
7.8668518100e+02	9.8015923461e+00
7.8879809600e+02	9.8993593364e+00
7.9091088900e+02	9.3731640188e+00
7.9302368200e+02	9.5210771325e+00
7.9513647500e+02	8.1969978043e+00
7.9724926800e+02	7.5079793162e+00
7.9936206100e+02	7.3616704044e+00
8.0147485400e+02	7.2463155469e+00
8.0358764600e+02	7.7236918344e+00
8.0570043900e+02	7.1002390080e+00
8.0781323200e+02	7.0445845315e+00
8.0992602500e+02	6.8768123763e+00
8.1203881800e+02	6.8849189194e+00
8.1415161100e+02	6.2393275981e+00
8.1626440400e+02	5.8610967298e+00
8.1837719700e+02	5.9443916005e+00
8.2048999000e+02	6.1790168122e+00
8.2260278300e+02	5.6796731752e+00
8.2471563700e+02	5.9540412055e+00
8.2682849100e+02	5.3671185818e+00
8.2894128400e+02	5.4688909472e+00
8.3105407700e+02	5.4582543138e+00
8.3316687000e+02	5.0339876770e+00
8.3527966300e+02	5.2766208688e+00
8.3739245600e+02	4.7380657200e+00
8.3950524900e+02	4.6022251958e+00
8.4161804200e+02	4.6629423021e+00
8.4373083500e+02	4.5620201478e+00
8.4584362800e+02	4.5180684378e+00
8.4795642100e+02	4.3582585752e+00
