# Filename: guide/20230913PSI_CF9212_streak_target_dispRP2_CF9212Chlf1.ascii
 
Time explicit
Intervalnr 1
0.0
6.5146606400e+02	0.0000000000e+00
6.5357885700e+02	0.0000000000e+00
6.5569165000e+02	0.0000000000e+00
6.5780444300e+02	0.0000000000e+00
6.5991723600e+02	0.0000000000e+00
6.6203002900e+02	0.0000000000e+00
6.6414282200e+02	0.0000000000e+00
6.6625561500e+02	0.0000000000e+00
6.6836840800e+02	0.0000000000e+00
6.7048120100e+02	0.0000000000e+00
6.7259399400e+02	0.0000000000e+00
6.7470678700e+02	0.0000000000e+00
6.7681958000e+02	0.0000000000e+00
6.7893243400e+02	0.0000000000e+00
6.8104528800e+02	0.0000000000e+00
6.8315808100e+02	0.0000000000e+00
6.8527087400e+02	0.0000000000e+00
6.8738366700e+02	0.0000000000e+00
6.8949646000e+02	0.0000000000e+00
6.9160925300e+02	0.0000000000e+00
6.9372204600e+02	0.0000000000e+00
6.9583483900e+02	0.0000000000e+00
6.9794763200e+02	0.0000000000e+00
7.0006042500e+02	1.4747875952e-01
7.0217321800e+02	0.0000000000e+00
7.0428601100e+02	5.7918282572e-02
7.0639880400e+02	0.0000000000e+00
7.0851159700e+02	1.1239418149e-01
7.1062439000e+02	3.1399778877e-01
7.1273718300e+02	2.9792991885e-01
7.1484997600e+02	9.0417740846e-01
7.1696289100e+02	1.7932279012e+00
7.1907568400e+02	2.9920847699e+00
7.2118847700e+02	4.5261473269e+00
7.2330127000e+02	6.5462953784e+00
7.2541406200e+02	8.7032439621e+00
7.2752685500e+02	1.1652449759e+01
7.2963964800e+02	1.4934075029e+01
7.3175244100e+02	1.8553983317e+01
7.3386523400e+02	2.2585008355e+01
7.3597802700e+02	2.6266985953e+01
7.3809082000e+02	2.9531863596e+01
7.4020361300e+02	3.1591130941e+01
7.4231640600e+02	3.3759072795e+01
7.4442919900e+02	3.5168345067e+01
7.4654199200e+02	3.4230255514e+01
7.4865478500e+02	3.4304596015e+01
7.5076757800e+02	3.2247764229e+01
7.5288037100e+02	3.0530207458e+01
7.5499328600e+02	2.9240321223e+01
7.5710607900e+02	2.6906330950e+01
7.5921887200e+02	2.3884118704e+01
7.6133166500e+02	2.2089606421e+01
7.6344445800e+02	1.9388661794e+01
7.6555725100e+02	1.7899628752e+01
7.6767004400e+02	1.6757662516e+01
7.6978283700e+02	1.4815101076e+01
7.7189563000e+02	1.3550022852e+01
7.7400842300e+02	1.3075268886e+01
7.7612121600e+02	1.2308131089e+01
7.7823400900e+02	1.1561346418e+01
7.8034680200e+02	1.1314910210e+01
7.8245959500e+02	1.0488078041e+01
7.8457238800e+02	1.0810842400e+01
7.8668518100e+02	1.0152947035e+01
7.8879797400e+02	1.0722352757e+01
7.9091082800e+02	9.5196999667e+00
7.9302368200e+02	9.4844268510e+00
7.9513647500e+02	1.0005737156e+01
7.9724926800e+02	9.7706666571e+00
7.9936206100e+02	8.4048312505e+00
8.0147485400e+02	8.4170949923e+00
8.0358764600e+02	7.6171916954e+00
8.0570043900e+02	7.6524473986e+00
8.0781323200e+02	6.5617592213e+00
8.0992602500e+02	6.6100367466e+00
8.1203881800e+02	5.8625787214e+00
8.1415161100e+02	5.7787650102e+00
8.1626440400e+02	5.1113524418e+00
8.1837719700e+02	5.0874325701e+00
8.2048999000e+02	5.1442420986e+00
8.2260278300e+02	4.9508523154e+00
8.2471557600e+02	3.9047267153e+00
8.2682836900e+02	4.1840525046e+00
8.2894128400e+02	3.9961100711e+00
8.3105407700e+02	4.2181480102e+00
8.3316687000e+02	3.5727328109e+00
8.3527966300e+02	3.2327401842e+00
8.3739245600e+02	3.1117352384e+00
8.3950524900e+02	2.9045395333e+00
8.4161804200e+02	3.0036018574e+00
8.4373083500e+02	2.4694723328e+00
8.4584362800e+02	2.5166793450e+00
8.4795642100e+02	2.4523353674e+00
