# Filename: guide/20230916PSI_FT7521_streak_targetWL_disp_FT7521WLRP1.ascii
 
Time explicit
Intervalnr 1
0.0
6.5146606400e+02	0.0000000000e+00
6.5357885700e+02	0.0000000000e+00
6.5569165000e+02	0.0000000000e+00
6.5780444300e+02	0.0000000000e+00
6.5991723600e+02	0.0000000000e+00
6.6203002900e+02	0.0000000000e+00
6.6414282200e+02	0.0000000000e+00
6.6625561500e+02	0.0000000000e+00
6.6836840800e+02	0.0000000000e+00
6.7048120100e+02	0.0000000000e+00
6.7259399400e+02	0.0000000000e+00
6.7470678700e+02	0.0000000000e+00
6.7681970200e+02	0.0000000000e+00
6.7893249500e+02	0.0000000000e+00
6.8104528800e+02	0.0000000000e+00
6.8315808100e+02	0.0000000000e+00
6.8527087400e+02	0.0000000000e+00
6.8738366700e+02	0.0000000000e+00
6.8949646000e+02	0.0000000000e+00
6.9160925300e+02	0.0000000000e+00
6.9372204600e+02	0.0000000000e+00
6.9583483900e+02	0.0000000000e+00
6.9794763200e+02	0.0000000000e+00
7.0006042500e+02	0.0000000000e+00
7.0217321800e+02	0.0000000000e+00
7.0428601100e+02	0.0000000000e+00
7.0639880400e+02	0.0000000000e+00
7.0851159700e+02	0.0000000000e+00
7.1062439000e+02	0.0000000000e+00
7.1273724400e+02	0.0000000000e+00
7.1485009800e+02	0.0000000000e+00
7.1696289100e+02	0.0000000000e+00
7.1907568400e+02	0.0000000000e+00
7.2118847700e+02	0.0000000000e+00
7.2330127000e+02	0.0000000000e+00
7.2541406200e+02	0.0000000000e+00
7.2752685500e+02	0.0000000000e+00
7.2963964800e+02	0.0000000000e+00
7.3175244100e+02	0.0000000000e+00
7.3386523400e+02	0.0000000000e+00
7.3597802700e+02	0.0000000000e+00
7.3809082000e+02	0.0000000000e+00
7.4020361300e+02	0.0000000000e+00
7.4231640600e+02	0.0000000000e+00
7.4442919900e+02	0.0000000000e+00
7.4654199200e+02	0.0000000000e+00
7.4865478500e+02	0.0000000000e+00
7.5076770000e+02	0.0000000000e+00
7.5288049300e+02	0.0000000000e+00
7.5499328600e+02	0.0000000000e+00
7.5710607900e+02	0.0000000000e+00
7.5921887200e+02	0.0000000000e+00
7.6133166500e+02	0.0000000000e+00
7.6344445800e+02	0.0000000000e+00
7.6555725100e+02	0.0000000000e+00
7.6767004400e+02	0.0000000000e+00
7.6978283700e+02	0.0000000000e+00
7.7189563000e+02	0.0000000000e+00
7.7400842300e+02	0.0000000000e+00
7.7612121600e+02	0.0000000000e+00
7.7823400900e+02	0.0000000000e+00
7.8034680200e+02	0.0000000000e+00
7.8245959500e+02	0.0000000000e+00
7.8457238800e+02	0.0000000000e+00
7.8668518100e+02	0.0000000000e+00
7.8879809600e+02	0.0000000000e+00
7.9091088900e+02	0.0000000000e+00
7.9302368200e+02	0.0000000000e+00
7.9513647500e+02	0.0000000000e+00
7.9724926800e+02	0.0000000000e+00
7.9936206100e+02	0.0000000000e+00
8.0147485400e+02	0.0000000000e+00
8.0358764600e+02	0.0000000000e+00
8.0570043900e+02	0.0000000000e+00
8.0781323200e+02	0.0000000000e+00
8.0992602500e+02	0.0000000000e+00
8.1203881800e+02	0.0000000000e+00
8.1415161100e+02	0.0000000000e+00
8.1626440400e+02	0.0000000000e+00
8.1837719700e+02	0.0000000000e+00
8.2048999000e+02	0.0000000000e+00
8.2260278300e+02	0.0000000000e+00
8.2471563700e+02	0.0000000000e+00
8.2682849100e+02	0.0000000000e+00
8.2894128400e+02	0.0000000000e+00
8.3105407700e+02	0.0000000000e+00
8.3316687000e+02	0.0000000000e+00
8.3527966300e+02	0.0000000000e+00
8.3739245600e+02	0.0000000000e+00
8.3950524900e+02	0.0000000000e+00
8.4161804200e+02	0.0000000000e+00
8.4373083500e+02	0.0000000000e+00
8.4584362800e+02	0.0000000000e+00
8.4795642100e+02	0.0000000000e+00
