# Filename: guide/20230912PSI_CF9212_streak_targetWL_disp_CF9212Red1.ascii
 
Time explicit
Intervalnr 1
8.0
6.5146606400e+02	0.0000000000e+00
6.5357885700e+02	0.0000000000e+00
6.5569165000e+02	0.0000000000e+00
6.5780444300e+02	0.0000000000e+00
6.5991723600e+02	1.4845130800e-01
6.6203002900e+02	2.3813534461e-01
6.6414282200e+02	1.0722213836e-01
6.6625561500e+02	2.1838935185e-01
6.6836840800e+02	9.6899172082e-01
6.7048120100e+02	2.0697069004e-01
6.7259399400e+02	1.1861017620e+00
6.7470678700e+02	1.9346788237e+00
6.7681958000e+02	2.8826504693e+00
6.7893243400e+02	3.8689492446e+00
6.8104528800e+02	4.9856805427e+00
6.8315808100e+02	6.1454294536e+00
6.8527087400e+02	5.9351095150e+00
6.8738366700e+02	7.3261692892e+00
6.8949646000e+02	9.9922756664e+00
6.9160925300e+02	1.2005532373e+01
6.9372204600e+02	1.5457022079e+01
6.9583483900e+02	1.8906582413e+01
6.9794763200e+02	2.1859202930e+01
7.0006042500e+02	2.4594324708e+01
7.0217321800e+02	2.6904895592e+01
7.0428601100e+02	3.0391699536e+01
7.0639880400e+02	3.2436196539e+01
7.0851159700e+02	3.3089368719e+01
7.1062439000e+02	3.6134130042e+01
7.1273718300e+02	3.8769444743e+01
7.1484997600e+02	3.8997583737e+01
7.1696289100e+02	4.1104300013e+01
7.1907568400e+02	3.9871890541e+01
7.2118847700e+02	3.8451639812e+01
7.2330127000e+02	3.6200197166e+01
7.2541406200e+02	3.3943365545e+01
7.2752685500e+02	3.3363161756e+01
7.2963964800e+02	3.3082260328e+01
7.3175244100e+02	3.0194548582e+01
7.3386523400e+02	2.8972765187e+01
7.3597802700e+02	2.7138260851e+01
7.3809082000e+02	2.4058931611e+01
7.4020361300e+02	2.0830552938e+01
7.4231640600e+02	1.9565122780e+01
7.4442919900e+02	1.6858048329e+01
7.4654199200e+02	1.5675084382e+01
7.4865478500e+02	1.5644241054e+01
7.5076757800e+02	1.4234746981e+01
7.5288037100e+02	1.3527557849e+01
7.5499328600e+02	1.2417692226e+01
7.5710607900e+02	1.1297708003e+01
7.5921887200e+02	9.5574645399e+00
7.6133166500e+02	1.0283258592e+01
7.6344445800e+02	1.0007167176e+01
7.6555725100e+02	8.7197449464e+00
7.6767004400e+02	9.4739093582e+00
7.6978283700e+02	9.3296176300e+00
7.7189563000e+02	8.6674917523e+00
7.7400842300e+02	7.4479958918e+00
7.7612121600e+02	8.4433015029e+00
7.7823400900e+02	7.2275391390e+00
7.8034680200e+02	7.9462821581e+00
7.8245959500e+02	6.6635746574e+00
7.8457238800e+02	7.4670728731e+00
7.8668518100e+02	6.7568233952e+00
7.8879797400e+02	6.8196359042e+00
7.9091082800e+02	6.4119677965e+00
7.9302368200e+02	5.6119712497e+00
7.9513647500e+02	5.3359241230e+00
7.9724926800e+02	6.4031329435e+00
7.9936206100e+02	6.2199321352e+00
8.0147485400e+02	5.5139390931e+00
8.0358764600e+02	5.2819976666e+00
8.0570043900e+02	4.6472144787e+00
8.0781323200e+02	3.9782328975e+00
8.0992602500e+02	4.2222911599e+00
8.1203881800e+02	3.6385473308e+00
8.1415161100e+02	3.4081647983e+00
8.1626440400e+02	2.5484297859e+00
8.1837719700e+02	3.5353363718e+00
8.2048999000e+02	1.9133615348e+00
8.2260278300e+02	1.9327218791e+00
8.2471557600e+02	2.4640403436e+00
8.2682836900e+02	1.5705237850e+00
8.2894128400e+02	1.5237425814e+00
8.3105407700e+02	1.2272922730e+00
8.3316687000e+02	8.9613655210e-01
8.3527966300e+02	1.0172914790e+00
8.3739245600e+02	6.4913417902e-01
8.3950524900e+02	6.7857729497e-01
8.4161804200e+02	1.9345295238e-01
8.4373083500e+02	3.8611351937e-01
8.4584362800e+02	0.0000000000e+00
8.4795642100e+02	8.5845466198e-02
