# Filename: guide/20230912PSI_FT7521_streak_targetWL_disp_FT7521Red1.ascii
 
Time explicit
Intervalnr 1
0.0
6.5146606400e+02	4.6837699980e+00
6.5357885700e+02	4.8494373295e+00
6.5569165000e+02	5.7755471299e+00
6.5780444300e+02	0.0000000000e+00
6.5991723600e+02	0.0000000000e+00
6.6203002900e+02	0.0000000000e+00
6.6414282200e+02	0.0000000000e+00
6.6625561500e+02	0.0000000000e+00
6.6836840800e+02	0.0000000000e+00
6.7048120100e+02	0.0000000000e+00
6.7259399400e+02	0.0000000000e+00
6.7470678700e+02	0.0000000000e+00
6.7681970200e+02	0.0000000000e+00
6.7893249500e+02	0.0000000000e+00
6.8104528800e+02	0.0000000000e+00
6.8315808100e+02	0.0000000000e+00
6.8527087400e+02	0.0000000000e+00
6.8738366700e+02	3.8587940456e+01
6.8949646000e+02	4.6602887086e+01
6.9160925300e+02	1.2218859310e+02
6.9372204600e+02	1.9545058692e+02
6.9583483900e+02	1.9953327459e+02
6.9794763200e+02	2.6081115695e+02
7.0006042500e+02	2.6481592298e+02
7.0217321800e+02	2.9071305812e+02
7.0428601100e+02	3.1372671834e+02
7.0639880400e+02	3.1952917653e+02
7.0851159700e+02	3.4773778330e+02
7.1062439000e+02	3.0165405101e+02
7.1273724400e+02	3.4716007215e+02
7.1485009800e+02	3.3659684821e+02
7.1696289100e+02	3.0420506144e+02
7.1907568400e+02	2.8101068978e+02
7.2118847700e+02	2.5899757788e+02
7.2330127000e+02	2.5179311570e+02
7.2541406200e+02	2.2838626680e+02
7.2752685500e+02	2.2196048655e+02
7.2963964800e+02	1.6685085834e+02
7.3175244100e+02	1.7551054963e+02
7.3386523400e+02	1.7286829613e+02
7.3597802700e+02	1.2546271209e+02
7.3809082000e+02	1.0921645818e+02
7.4020361300e+02	1.2508037250e+02
7.4231640600e+02	7.1783944165e+01
7.4442919900e+02	8.1037510226e+01
7.4654199200e+02	1.0675732341e+02
7.4865478500e+02	6.7735667010e+01
7.5076770000e+02	8.3516048172e+01
7.5288049300e+02	9.1890996935e+01
7.5499328600e+02	6.0180898718e+01
7.5710607900e+02	5.5978704211e+01
7.5921887200e+02	7.8771192203e+01
7.6133166500e+02	7.1875735861e+01
7.6344445800e+02	7.6888925949e+01
7.6555725100e+02	9.6078216335e+01
7.6767004400e+02	9.9280772082e+01
7.6978283700e+02	8.3863012926e+01
7.7189563000e+02	5.9054437843e+01
7.7400842300e+02	5.6847959900e+01
7.7612121600e+02	7.5231569318e+01
7.7823400900e+02	7.1367615055e+01
7.8034680200e+02	5.6088483005e+01
7.8245959500e+02	6.2490488550e+01
7.8457238800e+02	7.3872018371e+01
7.8668518100e+02	5.9009568041e+01
7.8879809600e+02	7.6317855329e+01
7.9091088900e+02	6.1895034741e+01
7.9302368200e+02	6.8571767915e+01
7.9513647500e+02	6.3785844324e+01
7.9724926800e+02	5.6883857773e+01
7.9936206100e+02	5.3591283546e+01
8.0147485400e+02	5.6714407265e+01
8.0358764600e+02	5.4339591545e+01
8.0570043900e+02	3.9381860080e+01
8.0781323200e+02	3.6477180055e+01
8.0992602500e+02	4.3175638178e+01
8.1203881800e+02	3.5299939118e+01
8.1415161100e+02	2.7672682209e+01
8.1626440400e+02	2.4093746991e+01
8.1837719700e+02	2.3575270335e+01
8.2048999000e+02	2.3661188073e+01
8.2260278300e+02	1.7956362761e+01
8.2471563700e+02	1.8993954224e+01
8.2682849100e+02	1.8226502838e+01
8.2894128400e+02	7.7136380792e+00
8.3105407700e+02	1.0430360460e+01
8.3316687000e+02	8.8005963299e+00
8.3527966300e+02	1.4195769735e+01
8.3739245600e+02	8.2441818344e+00
8.3950524900e+02	2.6603392423e+00
8.4161804200e+02	1.2546293367e-02
8.4373083500e+02	0.0000000000e+00
8.4584362800e+02	0.0000000000e+00
8.4795642100e+02	0.0000000000e+00
