# Filename: guide/20230913PSI_CF9212_streak_target_dispRP2_CF9212Bulk.ascii
 
Time explicit
Intervalnr 1
0.0
6.5146606400e+02	2.8439506060e-01
6.5357885700e+02	3.3707813254e-01
6.5569165000e+02	5.1288829467e-01
6.5780444300e+02	7.0773493562e-01
6.5991723600e+02	9.8534486305e-01
6.6203002900e+02	1.4544481209e+00
6.6414282200e+02	2.0416921684e+00
6.6625561500e+02	2.9295367848e+00
6.6836840800e+02	4.1191803449e+00
6.7048120100e+02	5.7307647071e+00
6.7259399400e+02	7.6086525513e+00
6.7470678700e+02	9.9596184710e+00
6.7681958000e+02	1.3254302370e+01
6.7893243400e+02	1.6421640260e+01
6.8104528800e+02	1.9992917438e+01
6.8315808100e+02	2.3306516439e+01
6.8527087400e+02	2.7146582160e+01
6.8738366700e+02	2.8746789857e+01
6.8949646000e+02	3.0179464894e+01
6.9160925300e+02	2.8575021238e+01
6.9372204600e+02	2.6048481178e+01
6.9583483900e+02	2.3101765835e+01
6.9794763200e+02	2.0396514065e+01
7.0006042500e+02	1.6729629476e+01
7.0217321800e+02	1.5057031800e+01
7.0428601100e+02	1.1861145671e+01
7.0639880400e+02	1.0121131175e+01
7.0851159700e+02	8.6099035951e+00
7.1062439000e+02	7.8393213352e+00
7.1273718300e+02	7.0384899182e+00
7.1484997600e+02	6.5944459626e+00
7.1696289100e+02	5.3021156275e+00
7.1907568400e+02	4.3059130168e+00
7.2118847700e+02	4.0509332361e+00
7.2330127000e+02	3.7107407457e+00
7.2541406200e+02	3.3682226145e+00
7.2752685500e+02	3.2079507298e+00
7.2963964800e+02	2.7079079105e+00
7.3175244100e+02	3.1892429622e+00
7.3386523400e+02	3.5305489163e+00
7.3597802700e+02	3.3083269943e+00
7.3809082000e+02	3.2510931916e+00
7.4020361300e+02	3.6599535245e+00
7.4231640600e+02	4.0120649640e+00
7.4442919900e+02	4.3105355964e+00
7.4654199200e+02	4.4361276193e+00
7.4865478500e+02	4.4181488298e+00
7.5076757800e+02	4.4213161005e+00
7.5288037100e+02	3.9416196498e+00
7.5499328600e+02	3.8822614706e+00
7.5710607900e+02	3.2707743704e+00
7.5921887200e+02	3.2004853333e+00
7.6133166500e+02	3.1017471167e+00
7.6344445800e+02	2.7646958203e+00
7.6555725100e+02	2.9544850168e+00
7.6767004400e+02	2.4723171641e+00
7.6978283700e+02	2.1675631569e+00
7.7189563000e+02	1.9231092377e+00
7.7400842300e+02	1.7991889589e+00
7.7612121600e+02	1.5299817568e+00
7.7823400900e+02	1.4546223278e+00
7.8034680200e+02	1.1187734473e+00
7.8245959500e+02	1.3160410541e+00
7.8457238800e+02	8.7794971741e-01
7.8668518100e+02	9.0979797567e-01
7.8879797400e+02	6.8104707540e-01
7.9091082800e+02	7.5465867267e-01
7.9302368200e+02	9.1524011616e-01
7.9513647500e+02	9.8685840351e-01
7.9724926800e+02	5.0989290899e-01
7.9936206100e+02	8.1686554215e-01
8.0147485400e+02	5.1316757349e-01
8.0358764600e+02	3.6237805843e-01
8.0570043900e+02	4.8352953910e-01
8.0781323200e+02	5.7546800923e-01
8.0992602500e+02	4.4719700030e-01
8.1203881800e+02	5.0014050958e-01
8.1415161100e+02	2.8288874834e-01
8.1626440400e+02	4.4363407254e-01
8.1837719700e+02	1.1772881253e-01
8.2048999000e+02	2.4028980945e-01
8.2260278300e+02	3.2008756758e-01
8.2471557600e+02	1.9510037090e-01
8.2682836900e+02	3.9344260032e-01
8.2894128400e+02	2.9709217050e-01
8.3105407700e+02	2.3651143843e-01
8.3316687000e+02	2.5861147386e-01
8.3527966300e+02	2.9414826957e-01
8.3739245600e+02	2.1943876047e-01
8.3950524900e+02	1.8172660332e-01
8.4161804200e+02	2.3395694634e-01
8.4373083500e+02	2.0656170519e-01
8.4584362800e+02	2.4072746263e-01
8.4795642100e+02	1.4256992187e-01
