# Filename: guide/20230916PSI_FT7521_streak_targetWL_disp_FT7521freeChla2.ascii
 
Time explicit
Intervalnr 1
0.0
6.5146606400e+02	1.3774239971e+00
6.5357885700e+02	1.9468440328e+00
6.5569165000e+02	2.8214337486e+00
6.5780444300e+02	4.2289251219e+00
6.5991723600e+02	6.1832978099e+00
6.6203002900e+02	8.9529805589e+00
6.6414282200e+02	1.2687514107e+01
6.6625561500e+02	1.6929020314e+01
6.6836840800e+02	2.2176585154e+01
6.7048120100e+02	2.7246112888e+01
6.7259399400e+02	3.3498348510e+01
6.7470678700e+02	3.7977774850e+01
6.7681970200e+02	4.1394381087e+01
6.7893249500e+02	4.3898959317e+01
6.8104528800e+02	4.3733174519e+01
6.8315808100e+02	4.1592505786e+01
6.8527087400e+02	3.7412506083e+01
6.8738366700e+02	3.1913597883e+01
6.8949646000e+02	2.5964444270e+01
6.9160925300e+02	2.1192794194e+01
6.9372204600e+02	1.7805764702e+01
6.9583483900e+02	1.4938764297e+01
6.9794763200e+02	1.2907962173e+01
7.0006042500e+02	1.1498299987e+01
7.0217321800e+02	1.0439294542e+01
7.0428601100e+02	9.4609848176e+00
7.0639880400e+02	9.0973997766e+00
7.0851159700e+02	9.0310694590e+00
7.1062439000e+02	8.7698526433e+00
7.1273724400e+02	8.7593767086e+00
7.1485009800e+02	8.7101343932e+00
7.1696289100e+02	8.6576139236e+00
7.1907568400e+02	8.3805492460e+00
7.2118847700e+02	8.2615921595e+00
7.2330127000e+02	8.2006869345e+00
7.2541406200e+02	8.4316968779e+00
7.2752685500e+02	8.4012719142e+00
7.2963964800e+02	8.3784560829e+00
7.3175244100e+02	8.3750309550e+00
7.3386523400e+02	8.4019848085e+00
7.3597802700e+02	8.0378133338e+00
7.3809082000e+02	7.9810091084e+00
7.4020361300e+02	7.5387004814e+00
7.4231640600e+02	7.1759461775e+00
7.4442919900e+02	6.7879119236e+00
7.4654199200e+02	6.1680317265e+00
7.4865478500e+02	5.5484427085e+00
7.5076770000e+02	5.0927882217e+00
7.5288049300e+02	4.7596696585e+00
7.5499328600e+02	4.0865923907e+00
7.5710607900e+02	3.7306861077e+00
7.5921887200e+02	3.2911904718e+00
7.6133166500e+02	3.0255042161e+00
7.6344445800e+02	2.5481533013e+00
7.6555725100e+02	2.3286245766e+00
7.6767004400e+02	2.0042602344e+00
7.6978283700e+02	1.7615599248e+00
7.7189563000e+02	1.4407323974e+00
7.7400842300e+02	1.2632596974e+00
7.7612121600e+02	1.2137957950e+00
7.7823400900e+02	1.0876437595e+00
7.8034680200e+02	9.2567609417e-01
7.8245959500e+02	9.0388815663e-01
7.8457238800e+02	8.4753356107e-01
7.8668518100e+02	8.0644420950e-01
7.8879809600e+02	8.1850267346e-01
7.9091088900e+02	7.7630382963e-01
7.9302368200e+02	7.8089092421e-01
7.9513647500e+02	6.5711946695e-01
7.9724926800e+02	5.9787142557e-01
7.9936206100e+02	5.9628448880e-01
8.0147485400e+02	5.9560295753e-01
8.0358764600e+02	6.4946905837e-01
8.0570043900e+02	5.9075106736e-01
8.0781323200e+02	5.8027186956e-01
8.0992602500e+02	5.6189601171e-01
8.1203881800e+02	5.7267512890e-01
8.1415161100e+02	5.2067329047e-01
8.1626440400e+02	4.7943561843e-01
8.1837719700e+02	4.8970998002e-01
8.2048999000e+02	5.1045713639e-01
8.2260278300e+02	4.7636026733e-01
8.2471563700e+02	5.0380928271e-01
8.2682849100e+02	4.4413922604e-01
8.2894128400e+02	4.6104127775e-01
8.3105407700e+02	4.6386834138e-01
8.3316687000e+02	4.2941218235e-01
8.3527966300e+02	4.4855174603e-01
8.3739245600e+02	4.0342183238e-01
8.3950524900e+02	3.9248921493e-01
8.4161804200e+02	3.9895706290e-01
8.4373083500e+02	3.8799453218e-01
8.4584362800e+02	3.8556332341e-01
8.4795642100e+02	3.6795385554e-01
