# Filename: guide/20230912PSI_CF9212_streak_targetWL_disp_CF9212WLRC.ascii
 
Time explicit
Intervalnr 1
8.0
6.5146606400e+02	0.0000000000e+00
6.5357885700e+02	0.0000000000e+00
6.5569165000e+02	0.0000000000e+00
6.5780444300e+02	0.0000000000e+00
6.5991723600e+02	5.7505604124e-01
6.6203002900e+02	7.7978222101e-01
6.6414282200e+02	1.0721452203e+00
6.6625561500e+02	1.5035936769e+00
6.6836840800e+02	2.0670201047e+00
6.7048120100e+02	2.8734832608e+00
6.7259399400e+02	3.8004927568e+00
6.7470678700e+02	5.8252852199e+00
6.7681958000e+02	6.8140646342e+00
6.7893243400e+02	9.3787942089e+00
6.8104528800e+02	1.2362856984e+01
6.8315808100e+02	1.7301267509e+01
6.8527087400e+02	2.1891689856e+01
6.8738366700e+02	2.8911328690e+01
6.8949646000e+02	3.3340998010e+01
6.9160925300e+02	4.1740686186e+01
6.9372204600e+02	4.2250062533e+01
6.9583483900e+02	4.7812877886e+01
6.9794763200e+02	4.6166923855e+01
7.0006042500e+02	4.8808196222e+01
7.0217321800e+02	4.0168335183e+01
7.0428601100e+02	3.9694750830e+01
7.0639880400e+02	3.1893175332e+01
7.0851159700e+02	2.9249201464e+01
7.1062439000e+02	2.2378388496e+01
7.1273718300e+02	1.9674422746e+01
7.1484997600e+02	1.5497009808e+01
7.1696289100e+02	1.3702753602e+01
7.1907568400e+02	1.5028946183e+01
7.2118847700e+02	1.1392872636e+01
7.2330127000e+02	1.2742275884e+01
7.2541406200e+02	1.0290310634e+01
7.2752685500e+02	1.0884752410e+01
7.2963964800e+02	8.8421597949e+00
7.3175244100e+02	1.0304098615e+01
7.3386523400e+02	7.6157312771e+00
7.3597802700e+02	9.4491709558e+00
7.3809082000e+02	8.4010936271e+00
7.4020361300e+02	9.4431231876e+00
7.4231640600e+02	8.8052303458e+00
7.4442919900e+02	1.0833301448e+01
7.4654199200e+02	8.4980173924e+00
7.4865478500e+02	8.5458966018e+00
7.5076757800e+02	9.3291103901e+00
7.5288037100e+02	9.3731752323e+00
7.5499328600e+02	9.3288843964e+00
7.5710607900e+02	1.0139057275e+01
7.5921887200e+02	9.1749882406e+00
7.6133166500e+02	7.0519775292e+00
7.6344445800e+02	7.8813500750e+00
7.6555725100e+02	6.8050990405e+00
7.6767004400e+02	5.9675234609e+00
7.6978283700e+02	5.3407609991e+00
7.7189563000e+02	5.3567848642e+00
7.7400842300e+02	4.9426768367e+00
7.7612121600e+02	4.4681627988e+00
7.7823400900e+02	3.6750939201e+00
7.8034680200e+02	4.2615441162e+00
7.8245959500e+02	1.8668140531e+00
7.8457238800e+02	3.4637997705e+00
7.8668518100e+02	1.3774386026e+00
7.8879797400e+02	3.1304939612e+00
7.9091082800e+02	1.1750882730e+00
7.9302368200e+02	2.5323748747e+00
7.9513647500e+02	1.1108217921e+00
7.9724926800e+02	2.0687506675e+00
7.9936206100e+02	9.5369503041e-01
8.0147485400e+02	2.2711191309e+00
8.0358764600e+02	1.8776247447e+00
8.0570043900e+02	1.7793510433e+00
8.0781323200e+02	1.5764189526e+00
8.0992602500e+02	1.8989556741e+00
8.1203881800e+02	7.3819675638e-01
8.1415161100e+02	1.6846564395e+00
8.1626440400e+02	1.1235591879e+00
8.1837719700e+02	1.3221357084e+00
8.2048999000e+02	1.5423673505e+00
8.2260278300e+02	1.2333539257e+00
8.2471557600e+02	9.2616266360e-01
8.2682836900e+02	1.1121058281e+00
8.2894128400e+02	8.3952734942e-01
8.3105407700e+02	1.1788410326e+00
8.3316687000e+02	1.0358176219e+00
8.3527966300e+02	1.1123794832e+00
8.3739245600e+02	9.5034126263e-01
8.3950524900e+02	9.8082594108e-01
8.4161804200e+02	7.8452300487e-01
8.4373083500e+02	8.5315878198e-01
8.4584362800e+02	3.5343734613e-01
8.4795642100e+02	7.9132324251e-01
