# Filename: guide/20230916PSI_FT7521_streak_targetWL_disp_FT7521WLRC.ascii
 
Time explicit
Intervalnr 1
0.0
6.5146606400e+02	3.8029439418e+00
6.5357885700e+02	4.5640774345e+00
6.5569165000e+02	5.2392128091e+00
6.5780444300e+02	4.9648143688e+00
6.5991723600e+02	5.3937611869e+00
6.6203002900e+02	6.3809008193e+00
6.6414282200e+02	7.1612088363e+00
6.6625561500e+02	6.3560809662e+00
6.6836840800e+02	9.4314349259e+00
6.7048120100e+02	9.5580272525e+00
6.7259399400e+02	7.3924191043e+00
6.7470678700e+02	9.6260099842e+00
6.7681970200e+02	5.1029449732e+00
6.7893249500e+02	1.5351321557e+01
6.8104528800e+02	1.4603278833e+01
6.8315808100e+02	1.7684733546e+01
6.8527087400e+02	1.6482448028e+01
6.8738366700e+02	2.2344229607e+01
6.8949646000e+02	2.6533120747e+01
6.9160925300e+02	3.3962181338e+01
6.9372204600e+02	3.5065995870e+01
6.9583483900e+02	3.9933556678e+01
6.9794763200e+02	4.0245612847e+01
7.0006042500e+02	4.5489803797e+01
7.0217321800e+02	3.6005030548e+01
7.0428601100e+02	3.5561106884e+01
7.0639880400e+02	2.8861969673e+01
7.0851159700e+02	2.4529425187e+01
7.1062439000e+02	1.6169973960e+01
7.1273724400e+02	1.6279045936e+01
7.1485009800e+02	1.3477076605e+01
7.1696289100e+02	1.2503708637e+01
7.1907568400e+02	1.3898459241e+01
7.2118847700e+02	1.0516281709e+01
7.2330127000e+02	1.1224462499e+01
7.2541406200e+02	8.6185704366e+00
7.2752685500e+02	1.0528493493e+01
7.2963964800e+02	1.2141107691e+01
7.3175244100e+02	1.3893898331e+01
7.3386523400e+02	9.8076417748e+00
7.3597802700e+02	9.8099110907e+00
7.3809082000e+02	8.2812341145e+00
7.4020361300e+02	1.0148371099e+01
7.4231640600e+02	7.4417879946e+00
7.4442919900e+02	1.2601068314e+01
7.4654199200e+02	1.1092315097e+01
7.4865478500e+02	9.3961836156e+00
7.5076770000e+02	1.2102315907e+01
7.5288049300e+02	1.4043472633e+01
7.5499328600e+02	1.1863962224e+01
7.5710607900e+02	1.6432130190e+01
7.5921887200e+02	1.3407248034e+01
7.6133166500e+02	1.1489151834e+01
7.6344445800e+02	1.3657830679e+01
7.6555725100e+02	1.3943822018e+01
7.6767004400e+02	1.2875366870e+01
7.6978283700e+02	1.2028387684e+01
7.7189563000e+02	1.1970128600e+01
7.7400842300e+02	1.1353582814e+01
7.7612121600e+02	1.1045478857e+01
7.7823400900e+02	9.6926365953e+00
7.8034680200e+02	1.0084712996e+01
7.8245959500e+02	1.0793344361e+01
7.8457238800e+02	1.0928682235e+01
7.8668518100e+02	7.5499719441e+00
7.8879809600e+02	1.0716869326e+01
7.9091088900e+02	7.9580866103e+00
7.9302368200e+02	1.0190974715e+01
7.9513647500e+02	8.0135247107e+00
7.9724926800e+02	8.4874450220e+00
7.9936206100e+02	7.0872301088e+00
8.0147485400e+02	9.4002423838e+00
8.0358764600e+02	1.0112675341e+01
8.0570043900e+02	8.3808633824e+00
8.0781323200e+02	8.0282109124e+00
8.0992602500e+02	5.4646396834e+00
8.1203881800e+02	6.1343550360e+00
8.1415161100e+02	6.2364107218e+00
8.1626440400e+02	5.0579469162e+00
8.1837719700e+02	3.3867762772e+00
8.2048999000e+02	3.7216885614e+00
8.2260278300e+02	5.6010080426e+00
8.2471563700e+02	4.5364293835e+00
8.2682849100e+02	3.2525483163e+00
8.2894128400e+02	3.2952348643e+00
8.3105407700e+02	2.9528385201e+00
8.3316687000e+02	4.2026060697e+00
8.3527966300e+02	3.2137224367e+00
8.3739245600e+02	3.1687468409e+00
8.3950524900e+02	3.0945297877e+00
8.4161804200e+02	2.6044949311e+00
8.4373083500e+02	2.8475934884e+00
8.4584362800e+02	2.5469836222e+00
8.4795642100e+02	2.2303491355e+00
