# Filename: guide/20230915PSI_CF9212_streak_targetWL_disp_CF9212Red2a.ascii
 
Time explicit
Intervalnr 1
8.0
6.5146606400e+02	2.6077675089e-01
6.5357885700e+02	3.2258322568e-01
6.5569165000e+02	3.4530665222e-01
6.5780444300e+02	4.1864495790e-01
6.5991723600e+02	3.7704478639e-01
6.6203002900e+02	3.5178047532e-01
6.6414282200e+02	8.0633203499e-01
6.6625561500e+02	1.3786097604e+00
6.6836840800e+02	8.8416133681e-01
6.7048120100e+02	1.8661105624e+00
6.7259399400e+02	2.1352696931e+00
6.7470678700e+02	1.7872383078e+00
6.7681958000e+02	1.5129451289e+00
6.7893243400e+02	9.4717199450e-01
6.8104528800e+02	5.3789816690e-01
6.8315808100e+02	6.0591530965e-01
6.8527087400e+02	1.2021315819e+00
6.8738366700e+02	3.5698049542e-01
6.8949646000e+02	1.5610881744e-01
6.9160925300e+02	0.0000000000e+00
6.9372204600e+02	0.0000000000e+00
6.9583483900e+02	0.0000000000e+00
6.9794763200e+02	1.9125338884e+00
7.0006042500e+02	3.2028429477e+00
7.0217321800e+02	6.5269523769e+00
7.0428601100e+02	8.5614944362e+00
7.0639880400e+02	1.1937862854e+01
7.0851159700e+02	1.5039028655e+01
7.1062439000e+02	1.9155635294e+01
7.1273718300e+02	2.3644671780e+01
7.1484997600e+02	2.7164249655e+01
7.1696289100e+02	3.0576342756e+01
7.1907568400e+02	3.3107451825e+01
7.2118847700e+02	3.6152759240e+01
7.2330127000e+02	3.8079605779e+01
7.2541406200e+02	3.9343112123e+01
7.2752685500e+02	3.8934116572e+01
7.2963964800e+02	3.8925228173e+01
7.3175244100e+02	3.8462625384e+01
7.3386523400e+02	3.7351248758e+01
7.3597802700e+02	3.6459490183e+01
7.3809082000e+02	3.6573447776e+01
7.4020361300e+02	3.4570228216e+01
7.4231640600e+02	3.2855169133e+01
7.4442919900e+02	3.0940392679e+01
7.4654199200e+02	2.7220388297e+01
7.4865478500e+02	2.5522118849e+01
7.5076757800e+02	2.2853550171e+01
7.5288037100e+02	2.1413244039e+01
7.5499328600e+02	2.0151629846e+01
7.5710607900e+02	1.8399525203e+01
7.5921887200e+02	1.7194720573e+01
7.6133166500e+02	1.5331415073e+01
7.6344445800e+02	1.3927894440e+01
7.6555725100e+02	1.2724383579e+01
7.6767004400e+02	1.1143973932e+01
7.6978283700e+02	1.0485673518e+01
7.7189563000e+02	1.0062297236e+01
7.7400842300e+02	9.5729448554e+00
7.7612121600e+02	8.0033434923e+00
7.7823400900e+02	7.9248450590e+00
7.8034680200e+02	7.2075813757e+00
7.8245959500e+02	7.8828485462e+00
7.8457238800e+02	6.2717600548e+00
7.8668518100e+02	6.5167539340e+00
7.8879797400e+02	6.0567910226e+00
7.9091082800e+02	5.8753675612e+00
7.9302368200e+02	5.6957323088e+00
7.9513647500e+02	5.2165598817e+00
7.9724926800e+02	4.5718977109e+00
7.9936206100e+02	3.6369542790e+00
8.0147485400e+02	3.5357489494e+00
8.0358764600e+02	2.9264933681e+00
8.0570043900e+02	3.1852135576e+00
8.0781323200e+02	3.3639321769e+00
8.0992602500e+02	2.9670229140e+00
8.1203881800e+02	2.9994145945e+00
8.1415161100e+02	2.7182753223e+00
8.1626440400e+02	2.6029593211e+00
8.1837719700e+02	1.8252475316e+00
8.2048999000e+02	2.5470451819e+00
8.2260278300e+02	2.1835125970e+00
8.2471557600e+02	1.6190222479e+00
8.2682836900e+02	1.8338966950e+00
8.2894128400e+02	1.8111845423e+00
8.3105407700e+02	1.9236389388e+00
8.3316687000e+02	1.7799453403e+00
8.3527966300e+02	1.3096799378e+00
8.3739245600e+02	1.4065176063e+00
8.3950524900e+02	1.0117104635e+00
8.4161804200e+02	1.3510601711e+00
8.4373083500e+02	1.1556704297e+00
8.4584362800e+02	1.2878386204e+00
8.4795642100e+02	1.1857356303e+00
