# Filename: guide/20230913PSI_CF9212_streak_target_dispRP2_CF9212Red2.ascii
 
Time explicit
Intervalnr 1
0.0
6.5146606400e+02	2.2257712856e-01
6.5357885700e+02	3.1919810166e-01
6.5569165000e+02	2.9291588116e-01
6.5780444300e+02	3.9357015595e-01
6.5991723600e+02	4.6708741722e-01
6.6203002900e+02	4.6753157148e-01
6.6414282200e+02	8.4829944434e-01
6.6625561500e+02	1.2350611928e+00
6.6836840800e+02	8.2930984970e-01
6.7048120100e+02	1.7727099873e+00
6.7259399400e+02	1.8985245004e+00
6.7470678700e+02	1.4448758966e+00
6.7681958000e+02	1.0449576154e+00
6.7893243400e+02	3.9751075950e-01
6.8104528800e+02	1.3970921168e-01
6.8315808100e+02	1.2952466812e-01
6.8527087400e+02	7.3246972008e-01
6.8738366700e+02	2.7883540764e-01
6.8949646000e+02	2.1177928967e-01
6.9160925300e+02	0.0000000000e+00
6.9372204600e+02	0.0000000000e+00
6.9583483900e+02	0.0000000000e+00
6.9794763200e+02	1.6701877956e+00
7.0006042500e+02	2.5497632369e+00
7.0217321800e+02	5.6453299134e+00
7.0428601100e+02	7.6144947325e+00
7.0639880400e+02	1.0799170069e+01
7.0851159700e+02	1.3828012640e+01
7.1062439000e+02	1.7543867379e+01
7.1273718300e+02	2.1627977535e+01
7.1484997600e+02	2.4677347214e+01
7.1696289100e+02	2.7892136008e+01
7.1907568400e+02	2.9948804391e+01
7.2118847700e+02	3.2883862408e+01
7.2330127000e+02	3.5039190442e+01
7.2541406200e+02	3.6199269882e+01
7.2752685500e+02	3.5515232694e+01
7.2963964800e+02	3.5406108154e+01
7.3175244100e+02	3.5105639563e+01
7.3386523400e+02	3.4225862154e+01
7.3597802700e+02	3.3686865696e+01
7.3809082000e+02	3.4085623352e+01
7.4020361300e+02	3.1913466368e+01
7.4231640600e+02	3.0534861377e+01
7.4442919900e+02	2.9266389365e+01
7.4654199200e+02	2.5613881987e+01
7.4865478500e+02	2.4137226596e+01
7.5076757800e+02	2.1624064161e+01
7.5288037100e+02	2.0254983156e+01
7.5499328600e+02	1.9063475367e+01
7.5710607900e+02	1.7492844632e+01
7.5921887200e+02	1.5844076041e+01
7.6133166500e+02	1.4189568366e+01
7.6344445800e+02	1.2800047316e+01
7.6555725100e+02	1.1670872351e+01
7.6767004400e+02	1.0393706943e+01
7.6978283700e+02	9.9002582243e+00
7.7189563000e+02	9.1685577225e+00
7.7400842300e+02	8.8370694435e+00
7.7612121600e+02	7.4153348852e+00
7.7823400900e+02	7.1988143100e+00
7.8034680200e+02	6.5657608627e+00
7.8245959500e+02	7.4606304198e+00
7.8457238800e+02	5.8747251116e+00
7.8668518100e+02	6.3151112215e+00
7.8879797400e+02	5.8117117376e+00
7.9091082800e+02	5.6969332094e+00
7.9302368200e+02	5.2689098545e+00
7.9513647500e+02	4.4548167923e+00
7.9724926800e+02	3.7730057745e+00
7.9936206100e+02	2.9290411244e+00
8.0147485400e+02	2.9847780510e+00
8.0358764600e+02	2.3762354620e+00
8.0570043900e+02	2.7494976541e+00
8.0781323200e+02	3.0525834197e+00
8.0992602500e+02	2.7835076397e+00
8.1203881800e+02	2.9156995584e+00
8.1415161100e+02	2.6262887637e+00
8.1626440400e+02	2.5659925730e+00
8.1837719700e+02	1.7334867182e+00
8.2048999000e+02	2.4740192840e+00
8.2260278300e+02	2.2158185238e+00
8.2471557600e+02	1.5836768752e+00
8.2682836900e+02	1.8337561294e+00
8.2894128400e+02	1.8568661209e+00
8.3105407700e+02	1.9171253643e+00
8.3316687000e+02	1.6987590458e+00
8.3527966300e+02	1.3508017902e+00
8.3739245600e+02	1.3365989590e+00
8.3950524900e+02	1.0719788002e+00
8.4161804200e+02	1.3388931949e+00
8.4373083500e+02	1.1534857792e+00
8.4584362800e+02	1.2091164992e+00
8.4795642100e+02	1.1995985855e+00
