# Filename: guide/20230913PSI_CF9212_streak_target_dispRP2_CF9212WLRC.ascii
 
Time explicit
Intervalnr 1
8.0
6.5146606400e+02	0.0000000000e+00
6.5357885700e+02	0.0000000000e+00
6.5569165000e+02	0.0000000000e+00
6.5780444300e+02	0.0000000000e+00
6.5991723600e+02	6.3727107859e-01
6.6203002900e+02	8.4984812724e-01
6.6414282200e+02	1.1412377973e+00
6.6625561500e+02	1.5827182170e+00
6.6836840800e+02	2.1622265801e+00
6.7048120100e+02	2.9734732409e+00
6.7259399400e+02	3.9134717355e+00
6.7470678700e+02	5.9574839943e+00
6.7681958000e+02	6.9627098178e+00
6.7893243400e+02	9.5774588076e+00
6.8104528800e+02	1.2644465306e+01
6.8315808100e+02	1.7727868145e+01
6.8527087400e+02	2.2499287070e+01
6.8738366700e+02	2.9771913952e+01
6.8949646000e+02	3.4412015717e+01
6.9160925300e+02	4.3050189148e+01
6.9372204600e+02	4.3574272267e+01
6.9583483900e+02	4.9237418242e+01
6.9794763200e+02	4.7513212256e+01
7.0006042500e+02	5.0191042190e+01
7.0217321800e+02	4.1304186247e+01
7.0428601100e+02	4.0849904588e+01
7.0639880400e+02	3.2837566428e+01
7.0851159700e+02	3.0132666653e+01
7.1062439000e+02	2.3076034725e+01
7.1273718300e+02	2.0253298311e+01
7.1484997600e+02	1.5945391855e+01
7.1696289100e+02	1.4115775188e+01
7.1907568400e+02	1.5467808112e+01
7.2118847700e+02	1.1734882346e+01
7.2330127000e+02	1.3136338512e+01
7.2541406200e+02	1.0607141289e+01
7.2752685500e+02	1.1224535863e+01
7.2963964800e+02	9.1207837931e+00
7.3175244100e+02	1.0588810088e+01
7.3386523400e+02	7.8321876007e+00
7.3597802700e+02	9.8027183635e+00
7.3809082000e+02	8.7112186954e+00
7.4020361300e+02	9.7441871713e+00
7.4231640600e+02	9.1010027042e+00
7.4442919900e+02	1.1228996325e+01
7.4654199200e+02	8.7878757663e+00
7.4865478500e+02	8.8285667051e+00
7.5076757800e+02	9.6439002959e+00
7.5288037100e+02	9.6755519106e+00
7.5499328600e+02	9.6607945638e+00
7.5710607900e+02	1.0454808770e+01
7.5921887200e+02	9.4163534150e+00
7.6133166500e+02	7.2534694209e+00
7.6344445800e+02	8.1242301885e+00
7.6555725100e+02	6.9976502036e+00
7.6767004400e+02	6.1241350036e+00
7.6978283700e+02	5.4745806328e+00
7.7189563000e+02	5.4830480520e+00
7.7400842300e+02	5.0999374429e+00
7.7612121600e+02	4.5654052898e+00
7.7823400900e+02	3.7764663324e+00
7.8034680200e+02	4.3959973887e+00
7.8245959500e+02	1.9149912103e+00
7.8457238800e+02	3.5803241342e+00
7.8668518100e+02	1.4546582790e+00
7.8879797400e+02	3.2334519741e+00
7.9091082800e+02	1.2310048423e+00
7.9302368200e+02	2.5853453673e+00
7.9513647500e+02	1.1001130901e+00
7.9724926800e+02	2.0745250331e+00
7.9936206100e+02	8.8901271053e-01
8.0147485400e+02	2.2761668807e+00
8.0358764600e+02	1.8930758460e+00
8.0570043900e+02	1.8187740331e+00
8.0781323200e+02	1.5902705525e+00
8.0992602500e+02	1.9371051520e+00
8.1203881800e+02	7.4026981160e-01
8.1415161100e+02	1.7563142839e+00
8.1626440400e+02	1.1738345617e+00
8.1837719700e+02	1.3794268190e+00
8.2048999000e+02	1.6143028408e+00
8.2260278300e+02	1.3145402650e+00
8.2471557600e+02	9.8459090696e-01
8.2682836900e+02	1.1690843248e+00
8.2894128400e+02	9.0025427370e-01
8.3105407700e+02	1.2581262412e+00
8.3316687000e+02	1.0892417609e+00
8.3527966300e+02	1.1745354553e+00
8.3739245600e+02	1.0048049427e+00
8.3950524900e+02	1.0812986686e+00
8.4161804200e+02	8.5968312013e-01
8.4373083500e+02	9.2000145835e-01
8.4584362800e+02	3.9479172326e-01
8.4795642100e+02	8.6930350710e-01
