# Filename: guide/20230912PSI_FT7521_streak_targetWL_disp_FT7521WLRC.ascii
 
Time explicit
Intervalnr 1
0.0
6.5146606400e+02	0.0000000000e+00
6.5357885700e+02	0.0000000000e+00
6.5569165000e+02	0.0000000000e+00
6.5780444300e+02	0.0000000000e+00
6.5991723600e+02	0.0000000000e+00
6.6203002900e+02	0.0000000000e+00
6.6414282200e+02	0.0000000000e+00
6.6625561500e+02	0.0000000000e+00
6.6836840800e+02	0.0000000000e+00
6.7048120100e+02	0.0000000000e+00
6.7259399400e+02	0.0000000000e+00
6.7470678700e+02	0.0000000000e+00
6.7681970200e+02	0.0000000000e+00
6.7893249500e+02	0.0000000000e+00
6.8104528800e+02	0.0000000000e+00
6.8315808100e+02	5.5697737792e+01
6.8527087400e+02	0.0000000000e+00
6.8738366700e+02	2.0700887283e+01
6.8949646000e+02	4.9205363508e+01
6.9160925300e+02	1.0590213923e+02
6.9372204600e+02	8.6591547633e+01
6.9583483900e+02	9.5146874116e+01
6.9794763200e+02	1.0750346492e+02
7.0006042500e+02	2.2407745811e+02
7.0217321800e+02	1.3152699235e+02
7.0428601100e+02	5.9512179564e+01
7.0639880400e+02	1.0312076711e+02
7.0851159700e+02	7.2488222742e+01
7.1062439000e+02	9.1173514580e+01
7.1273724400e+02	8.1808825675e+01
7.1485009800e+02	3.9697685127e+01
7.1696289100e+02	3.0289760641e+01
7.1907568400e+02	6.9111045424e+01
7.2118847700e+02	7.6460048742e+01
7.2330127000e+02	6.7505987938e+00
7.2541406200e+02	6.6907782830e+01
7.2752685500e+02	0.0000000000e+00
7.2963964800e+02	7.7123436618e+01
7.3175244100e+02	9.7588484956e+01
7.3386523400e+02	3.8771587753e+01
7.3597802700e+02	2.9239320027e+01
7.3809082000e+02	0.0000000000e+00
7.4020361300e+02	0.0000000000e+00
7.4231640600e+02	0.0000000000e+00
7.4442919900e+02	3.8177854746e+01
7.4654199200e+02	3.2705531057e+01
7.4865478500e+02	4.0554382628e+01
7.5076770000e+02	0.0000000000e+00
7.5288049300e+02	1.5827956162e+01
7.5499328600e+02	1.9110023271e+01
7.5710607900e+02	7.5966150202e+01
7.5921887200e+02	2.8085481974e+01
7.6133166500e+02	5.0637219007e+00
7.6344445800e+02	7.3929970933e+01
7.6555725100e+02	3.9208676927e+01
7.6767004400e+02	7.2028531571e+00
7.6978283700e+02	1.1300536079e+01
7.7189563000e+02	4.0649198955e+01
7.7400842300e+02	5.4954138152e+01
7.7612121600e+02	2.7295933589e+01
7.7823400900e+02	2.1361082444e+01
7.8034680200e+02	5.6585923759e+01
7.8245959500e+02	6.7357789616e+01
7.8457238800e+02	1.2300049007e+01
7.8668518100e+02	2.0327570744e+01
7.8879809600e+02	1.0239628131e+01
7.9091088900e+02	8.8720620676e+00
7.9302368200e+02	1.3289415509e+01
7.9513647500e+02	1.9099421183e+01
7.9724926800e+02	0.0000000000e+00
7.9936206100e+02	2.0615527241e+01
8.0147485400e+02	1.4749016688e+01
8.0358764600e+02	3.7391869989e+01
8.0570043900e+02	8.3943313106e+00
8.0781323200e+02	1.3779347310e+01
8.0992602500e+02	8.1302912425e-01
8.1203881800e+02	6.1567254412e+00
8.1415161100e+02	5.7648646308e+00
8.1626440400e+02	5.4411975628e+00
8.1837719700e+02	0.0000000000e+00
8.2048999000e+02	0.0000000000e+00
8.2260278300e+02	1.7854041985e+00
8.2471563700e+02	0.0000000000e+00
8.2682849100e+02	0.0000000000e+00
8.2894128400e+02	0.0000000000e+00
8.3105407700e+02	8.9584094600e+00
8.3316687000e+02	0.0000000000e+00
8.3527966300e+02	0.0000000000e+00
8.3739245600e+02	0.0000000000e+00
8.3950524900e+02	0.0000000000e+00
8.4161804200e+02	0.0000000000e+00
8.4373083500e+02	0.0000000000e+00
8.4584362800e+02	0.0000000000e+00
8.4795642100e+02	0.0000000000e+00
