# Filename: guide/20230913PSI_CF9212_streak_target_dispRP2_CF9212FRLRC.ascii
 
Time explicit
Intervalnr 1
0.0
6.5146606400e+02	0.0000000000e+00
6.5357885700e+02	0.0000000000e+00
6.5569165000e+02	0.0000000000e+00
6.5780444300e+02	0.0000000000e+00
6.5991723600e+02	0.0000000000e+00
6.6203002900e+02	0.0000000000e+00
6.6414282200e+02	0.0000000000e+00
6.6625561500e+02	0.0000000000e+00
6.6836840800e+02	0.0000000000e+00
6.7048120100e+02	0.0000000000e+00
6.7259399400e+02	0.0000000000e+00
6.7470678700e+02	8.4949283263e-01
6.7681958000e+02	9.3998088574e-01
6.7893243400e+02	1.8219265177e+00
6.8104528800e+02	1.7516284134e+00
6.8315808100e+02	1.6668484458e+00
6.8527087400e+02	9.3043187619e-01
6.8738366700e+02	5.3093797148e-01
6.8949646000e+02	0.0000000000e+00
6.9160925300e+02	0.0000000000e+00
6.9372204600e+02	0.0000000000e+00
6.9583483900e+02	1.0559302207e+00
6.9794763200e+02	1.9035459490e+00
7.0006042500e+02	3.5996199640e+00
7.0217321800e+02	4.9539097328e+00
7.0428601100e+02	6.2211488489e+00
7.0639880400e+02	9.0029752250e+00
7.0851159700e+02	1.3069826501e+01
7.1062439000e+02	1.6960864216e+01
7.1273718300e+02	2.2339698376e+01
7.1484997600e+02	2.6603017788e+01
7.1696289100e+02	2.7905673643e+01
7.1907568400e+02	3.1568586385e+01
7.2118847700e+02	3.2701754470e+01
7.2330127000e+02	3.2563625026e+01
7.2541406200e+02	3.2769143458e+01
7.2752685500e+02	3.3382289193e+01
7.2963964800e+02	3.3265461200e+01
7.3175244100e+02	3.3419663642e+01
7.3386523400e+02	3.1454754252e+01
7.3597802700e+02	2.6397400918e+01
7.3809082000e+02	2.5597666901e+01
7.4020361300e+02	2.6594148540e+01
7.4231640600e+02	2.4260297461e+01
7.4442919900e+02	2.0279056261e+01
7.4654199200e+02	2.0693438786e+01
7.4865478500e+02	1.9189245509e+01
7.5076757800e+02	1.7737708894e+01
7.5288037100e+02	1.7530254052e+01
7.5499328600e+02	1.5543734738e+01
7.5710607900e+02	1.5637154718e+01
7.5921887200e+02	1.8096922577e+01
7.6133166500e+02	1.5548392487e+01
7.6344445800e+02	1.4425209863e+01
7.6555725100e+02	1.4711726805e+01
7.6767004400e+02	1.3659988818e+01
7.6978283700e+02	1.2453367542e+01
7.7189563000e+02	1.2995947188e+01
7.7400842300e+02	1.0690409766e+01
7.7612121600e+02	1.1236277581e+01
7.7823400900e+02	1.0427949696e+01
7.8034680200e+02	9.1439427582e+00
7.8245959500e+02	8.5059207569e+00
7.8457238800e+02	7.4027601875e+00
7.8668518100e+02	5.7166667609e+00
7.8879797400e+02	6.2285534835e+00
7.9091082800e+02	5.2902891229e+00
7.9302368200e+02	7.4301244300e+00
7.9513647500e+02	8.9529470035e+00
7.9724926800e+02	9.1445889083e+00
7.9936206100e+02	1.0118965570e+01
8.0147485400e+02	8.1589259614e+00
8.0358764600e+02	6.9252451824e+00
8.0570043900e+02	5.3491210239e+00
8.0781323200e+02	5.4371674285e+00
8.0992602500e+02	4.3801773884e+00
8.1203881800e+02	4.0322732938e+00
8.1415161100e+02	2.3721719789e+00
8.1626440400e+02	2.3343655783e+00
8.1837719700e+02	1.9856003589e+00
8.2048999000e+02	1.6759462428e+00
8.2260278300e+02	5.2207030925e-01
8.2471557600e+02	9.9676303458e-01
8.2682836900e+02	1.1622642931e+00
8.2894128400e+02	4.5999354902e-01
8.3105407700e+02	1.5818900568e-01
8.3316687000e+02	1.0898886668e+00
8.3527966300e+02	2.7799901260e-01
8.3739245600e+02	6.5639163977e-01
8.3950524900e+02	0.0000000000e+00
8.4161804200e+02	0.0000000000e+00
8.4373083500e+02	0.0000000000e+00
8.4584362800e+02	0.0000000000e+00
8.4795642100e+02	0.0000000000e+00
