# Filename: guide/20230915PSI_CF9212_streak_targetWL_disp_CF9212Red1.ascii
 
Time explicit
Intervalnr 1
8.0
6.5146606400e+02	0.0000000000e+00
6.5357885700e+02	0.0000000000e+00
6.5569165000e+02	0.0000000000e+00
6.5780444300e+02	0.0000000000e+00
6.5991723600e+02	8.4437983974e-02
6.6203002900e+02	1.8871094938e-01
6.6414282200e+02	0.0000000000e+00
6.6625561500e+02	0.0000000000e+00
6.6836840800e+02	9.0499656452e-01
6.7048120100e+02	0.0000000000e+00
6.7259399400e+02	1.0100377575e+00
6.7470678700e+02	1.8639188451e+00
6.7681958000e+02	2.9637055488e+00
6.7893243400e+02	4.1196075360e+00
6.8104528800e+02	5.3967242819e+00
6.8315808100e+02	6.6783445104e+00
6.8527087400e+02	6.4178602271e+00
6.8738366700e+02	8.0794533802e+00
6.8949646000e+02	1.1065005322e+01
6.9160925300e+02	1.3471946738e+01
6.9372204600e+02	1.7537187722e+01
6.9583483900e+02	2.1563226886e+01
6.9794763200e+02	2.4348622958e+01
7.0006042500e+02	2.7282742463e+01
7.0217321800e+02	2.9482534928e+01
7.0428601100e+02	3.3216196177e+01
7.0639880400e+02	3.5099919071e+01
7.0851159700e+02	3.5267008022e+01
7.1062439000e+02	3.8045925754e+01
7.1273718300e+02	4.0427678325e+01
7.1484997600e+02	4.0284609979e+01
7.1696289100e+02	4.2267849771e+01
7.1907568400e+02	4.0502921836e+01
7.2118847700e+02	3.8304384526e+01
7.2330127000e+02	3.5429330251e+01
7.2541406200e+02	3.2705583776e+01
7.2752685500e+02	3.2211699761e+01
7.2963964800e+02	3.1800538209e+01
7.3175244100e+02	2.8739992539e+01
7.3386523400e+02	2.7507302970e+01
7.3597802700e+02	2.5520408985e+01
7.3809082000e+02	2.1877030283e+01
7.4020361300e+02	1.8655901790e+01
7.4231640600e+02	1.7362117996e+01
7.4442919900e+02	1.4558463930e+01
7.4654199200e+02	1.3824836316e+01
7.4865478500e+02	1.4106912539e+01
7.5076757800e+02	1.2881271996e+01
7.5288037100e+02	1.2192900247e+01
7.5499328600e+02	1.1139880619e+01
7.5710607900e+02	1.0115068686e+01
7.5921887200e+02	8.3291418462e+00
7.6133166500e+02	9.4737620238e+00
7.6344445800e+02	9.3420097499e+00
7.6555725100e+02	8.0520766261e+00
7.6767004400e+02	9.0481569518e+00
7.6978283700e+02	9.0091000301e+00
7.7189563000e+02	8.3324014499e+00
7.7400842300e+02	6.9724793519e+00
7.7612121600e+02	8.3766364968e+00
7.7823400900e+02	6.9804353413e+00
7.8034680200e+02	7.8668314192e+00
7.8245959500e+02	6.2924263225e+00
7.8457238800e+02	7.4971938154e+00
7.8668518100e+02	6.6604062986e+00
7.8879797400e+02	6.8024706868e+00
7.9091082800e+02	6.3415146197e+00
7.9302368200e+02	5.4498477492e+00
7.9513647500e+02	5.2129994711e+00
7.9724926800e+02	6.5295968226e+00
7.9936206100e+02	6.5031988771e+00
8.0147485400e+02	5.7227034559e+00
8.0358764600e+02	5.5368720274e+00
8.0570043900e+02	4.7967135757e+00
8.0781323200e+02	4.0045335550e+00
8.0992602500e+02	4.3774341676e+00
8.1203881800e+02	3.6387999173e+00
8.1415161100e+02	3.4202810799e+00
8.1626440400e+02	2.4930389608e+00
8.1837719700e+02	3.7382296480e+00
8.2048999000e+02	1.7453977317e+00
8.2260278300e+02	1.8457757541e+00
8.2471557600e+02	2.5531898702e+00
8.2682836900e+02	1.5369963721e+00
8.2894128400e+02	1.4639332100e+00
8.3105407700e+02	1.1125741310e+00
8.3316687000e+02	7.5165534250e-01
8.3527966300e+02	9.8364189310e-01
8.3739245600e+02	5.3200724278e-01
8.3950524900e+02	6.5025665193e-01
8.4161804200e+02	1.6701807237e-02
8.4373083500e+02	2.8964625461e-01
8.4584362800e+02	0.0000000000e+00
8.4795642100e+02	0.0000000000e+00
