# Filename: guide/20230913PSI_CF9212_streak_target_dispRP2_CF9212Chlf2.ascii
 
Time explicit
Intervalnr 1
0.0
6.5146606400e+02	0.0000000000e+00
6.5357885700e+02	0.0000000000e+00
6.5569165000e+02	0.0000000000e+00
6.5780444300e+02	0.0000000000e+00
6.5991723600e+02	0.0000000000e+00
6.6203002900e+02	0.0000000000e+00
6.6414282200e+02	0.0000000000e+00
6.6625561500e+02	0.0000000000e+00
6.6836840800e+02	0.0000000000e+00
6.7048120100e+02	0.0000000000e+00
6.7259399400e+02	0.0000000000e+00
6.7470678700e+02	0.0000000000e+00
6.7681958000e+02	0.0000000000e+00
6.7893243400e+02	0.0000000000e+00
6.8104528800e+02	0.0000000000e+00
6.8315808100e+02	0.0000000000e+00
6.8527087400e+02	0.0000000000e+00
6.8738366700e+02	0.0000000000e+00
6.8949646000e+02	0.0000000000e+00
6.9160925300e+02	0.0000000000e+00
6.9372204600e+02	0.0000000000e+00
6.9583483900e+02	0.0000000000e+00
6.9794763200e+02	0.0000000000e+00
7.0006042500e+02	0.0000000000e+00
7.0217321800e+02	0.0000000000e+00
7.0428601100e+02	0.0000000000e+00
7.0639880400e+02	0.0000000000e+00
7.0851159700e+02	0.0000000000e+00
7.1062439000e+02	0.0000000000e+00
7.1273718300e+02	0.0000000000e+00
7.1484997600e+02	0.0000000000e+00
7.1696289100e+02	0.0000000000e+00
7.1907568400e+02	0.0000000000e+00
7.2118847700e+02	0.0000000000e+00
7.2330127000e+02	0.0000000000e+00
7.2541406200e+02	0.0000000000e+00
7.2752685500e+02	0.0000000000e+00
7.2963964800e+02	0.0000000000e+00
7.3175244100e+02	0.0000000000e+00
7.3386523400e+02	5.7917897504e-01
7.3597802700e+02	1.5864212711e+00
7.3809082000e+02	2.4560513718e+00
7.4020361300e+02	3.0426734714e+00
7.4231640600e+02	4.0438138868e+00
7.4442919900e+02	4.1269082310e+00
7.4654199200e+02	5.8391144576e+00
7.4865478500e+02	7.7210756176e+00
7.5076757800e+02	7.9348217227e+00
7.5288037100e+02	8.9629109487e+00
7.5499328600e+02	9.4486026670e+00
7.5710607900e+02	8.9266299802e+00
7.5921887200e+02	9.7580622818e+00
7.6133166500e+02	1.0708938389e+01
7.6344445800e+02	1.2024876661e+01
7.6555725100e+02	1.3327450247e+01
7.6767004400e+02	1.3892522033e+01
7.6978283700e+02	1.7220629887e+01
7.7189563000e+02	1.8708103253e+01
7.7400842300e+02	2.0731619203e+01
7.7612121600e+02	2.2688455955e+01
7.7823400900e+02	2.5707562822e+01
7.8034680200e+02	2.8969120338e+01
7.8245959500e+02	3.1411392698e+01
7.8457238800e+02	3.2300116078e+01
7.8668518100e+02	3.4727945550e+01
7.8879797400e+02	3.5273712236e+01
7.9091082800e+02	3.6988902642e+01
7.9302368200e+02	3.7916501029e+01
7.9513647500e+02	3.5288484754e+01
7.9724926800e+02	3.4964982919e+01
7.9936206100e+02	3.3559180771e+01
8.0147485400e+02	3.0859571764e+01
8.0358764600e+02	2.8415961717e+01
8.0570043900e+02	2.7914325598e+01
8.0781323200e+02	2.6648593650e+01
8.0992602500e+02	2.5097331497e+01
8.1203881800e+02	2.3570012760e+01
8.1415161100e+02	2.1331803833e+01
8.1626440400e+02	1.8620760771e+01
8.1837719700e+02	1.6787738004e+01
8.2048999000e+02	1.4224809375e+01
8.2260278300e+02	1.3564802167e+01
8.2471557600e+02	1.2551401460e+01
8.2682836900e+02	1.0365211745e+01
8.2894128400e+02	9.3048279980e+00
8.3105407700e+02	8.0042305267e+00
8.3316687000e+02	7.4341511213e+00
8.3527966300e+02	6.1384076151e+00
8.3739245600e+02	5.0514225316e+00
8.3950524900e+02	5.1461481267e+00
8.4161804200e+02	4.0089328680e+00
8.4373083500e+02	4.0139562963e+00
8.4584362800e+02	3.4361170006e+00
8.4795642100e+02	2.8473391001e+00
