# Filename: guide/20230915PSI_CF9212_streak_targetWL_disp_CF9212freeChla.ascii
 
Time explicit
Intervalnr 1
8.0
6.5146606400e+02	9.7435639549e-01
6.5357885700e+02	1.3698908589e+00
6.5569165000e+02	1.9254485455e+00
6.5780444300e+02	2.8210871670e+00
6.5991723600e+02	4.0934907057e+00
6.6203002900e+02	5.5555712313e+00
6.6414282200e+02	7.4630350885e+00
6.6625561500e+02	1.0169794597e+01
6.6836840800e+02	1.3081760426e+01
6.7048120100e+02	1.5970078889e+01
6.7259399400e+02	1.9264631006e+01
6.7470678700e+02	2.2038209986e+01
6.7681958000e+02	2.4744708696e+01
6.7893243400e+02	2.5642720114e+01
6.8104528800e+02	2.5478962223e+01
6.8315808100e+02	2.5029163506e+01
6.8527087400e+02	2.3351497091e+01
6.8738366700e+02	2.0379248627e+01
6.8949646000e+02	1.8042641190e+01
6.9160925300e+02	1.4939636210e+01
6.9372204600e+02	1.2663498893e+01
6.9583483900e+02	1.0868358487e+01
6.9794763200e+02	9.7467788479e+00
7.0006042500e+02	8.4546791214e+00
7.0217321800e+02	7.6545213545e+00
7.0428601100e+02	6.9676755528e+00
7.0639880400e+02	6.4292203849e+00
7.0851159700e+02	5.9623885575e+00
7.1062439000e+02	6.0001736034e+00
7.1273718300e+02	5.9936736687e+00
7.1484997600e+02	5.8953008509e+00
7.1696289100e+02	5.7550669394e+00
7.1907568400e+02	5.7430047672e+00
7.2118847700e+02	5.5988944640e+00
7.2330127000e+02	5.2541925265e+00
7.2541406200e+02	5.2086730005e+00
7.2752685500e+02	5.2517744758e+00
7.2963964800e+02	5.3190922691e+00
7.3175244100e+02	5.2423237638e+00
7.3386523400e+02	5.4187533703e+00
7.3597802700e+02	5.2419559683e+00
7.3809082000e+02	5.0676639694e+00
7.4020361300e+02	4.9427077299e+00
7.4231640600e+02	4.6712414654e+00
7.4442919900e+02	4.1385836022e+00
7.4654199200e+02	3.9389967923e+00
7.4865478500e+02	3.7079234468e+00
7.5076757800e+02	3.4256705675e+00
7.5288037100e+02	3.0727762217e+00
7.5499328600e+02	2.7193858284e+00
7.5710607900e+02	2.3917880818e+00
7.5921887200e+02	2.2705509345e+00
7.6133166500e+02	2.0913750356e+00
7.6344445800e+02	1.8463828235e+00
7.6555725100e+02	1.6769225487e+00
7.6767004400e+02	1.3756851047e+00
7.6978283700e+02	1.1614638367e+00
7.7189563000e+02	1.0534969657e+00
7.7400842300e+02	9.4476195406e-01
7.7612121600e+02	8.7440363152e-01
7.7823400900e+02	7.7317329801e-01
7.8034680200e+02	7.5167302845e-01
7.8245959500e+02	7.0595401577e-01
7.8457238800e+02	6.2764461843e-01
7.8668518100e+02	6.1504552325e-01
7.8879797400e+02	5.5880335435e-01
7.9091082800e+02	5.7325269656e-01
7.9302368200e+02	5.2143030746e-01
7.9513647500e+02	4.9173415256e-01
7.9724926800e+02	5.6148810103e-01
7.9936206100e+02	6.0393463983e-01
8.0147485400e+02	5.3796197479e-01
8.0358764600e+02	4.7884457631e-01
8.0570043900e+02	5.3121458769e-01
8.0781323200e+02	4.7748045716e-01
8.0992602500e+02	5.1273834189e-01
8.1203881800e+02	4.7036813940e-01
8.1415161100e+02	4.8510722637e-01
8.1626440400e+02	4.1419485124e-01
8.1837719700e+02	4.3529442662e-01
8.2048999000e+02	3.3449966474e-01
8.2260278300e+02	3.9588470557e-01
8.2471557600e+02	4.3403373599e-01
8.2682836900e+02	4.3327644969e-01
8.2894128400e+02	3.7907865815e-01
8.3105407700e+02	3.6710645880e-01
8.3316687000e+02	3.8981000813e-01
8.3527966300e+02	3.7322196078e-01
8.3739245600e+02	3.5031787439e-01
8.3950524900e+02	3.5064759657e-01
8.4161804200e+02	2.8060660136e-01
8.4373083500e+02	3.2115236292e-01
8.4584362800e+02	3.5000519213e-01
8.4795642100e+02	3.2882792667e-01
