# Filename: guide/20230913PSI_CF9212_streak_target_dispRP2_CF9212freeChla.ascii
 
Time explicit
Intervalnr 1
0.0
6.5146606400e+02	1.0445878150e+00
6.5357885700e+02	1.4244230066e+00
6.5569165000e+02	1.9627596088e+00
6.5780444300e+02	2.8378710149e+00
6.5991723600e+02	4.0779117646e+00
6.6203002900e+02	5.5304248988e+00
6.6414282200e+02	7.4375598361e+00
6.6625561500e+02	1.0181754579e+01
6.6836840800e+02	1.3109734257e+01
6.7048120100e+02	1.6100337371e+01
6.7259399400e+02	1.9455214682e+01
6.7470678700e+02	2.2312142056e+01
6.7681958000e+02	2.5040065614e+01
6.7893243400e+02	2.5886779366e+01
6.8104528800e+02	2.5680151886e+01
6.8315808100e+02	2.5126362908e+01
6.8527087400e+02	2.3371279519e+01
6.8738366700e+02	2.0412424394e+01
6.8949646000e+02	1.8107651723e+01
6.9160925300e+02	1.5065975650e+01
6.9372204600e+02	1.2775509018e+01
6.9583483900e+02	1.0902194296e+01
6.9794763200e+02	9.8523774680e+00
7.0006042500e+02	8.5320237808e+00
7.0217321800e+02	7.7432623304e+00
7.0428601100e+02	7.0936918680e+00
7.0639880400e+02	6.5643369473e+00
7.0851159700e+02	6.0925825497e+00
7.1062439000e+02	6.1403519224e+00
7.1273718300e+02	6.1351652267e+00
7.1484997600e+02	6.0448465351e+00
7.1696289100e+02	5.9061487958e+00
7.1907568400e+02	5.9001739664e+00
7.2118847700e+02	5.7350482568e+00
7.2330127000e+02	5.4255102880e+00
7.2541406200e+02	5.3163162580e+00
7.2752685500e+02	5.3522719043e+00
7.2963964800e+02	5.3709745545e+00
7.3175244100e+02	5.2888183617e+00
7.3386523400e+02	5.4181389425e+00
7.3597802700e+02	5.2929339101e+00
7.3809082000e+02	5.0634627104e+00
7.4020361300e+02	4.9528584187e+00
7.4231640600e+02	4.6472501554e+00
7.4442919900e+02	4.1151673394e+00
7.4654199200e+02	3.9590670665e+00
7.4865478500e+02	3.6304015445e+00
7.5076757800e+02	3.4533009396e+00
7.5288037100e+02	3.0194085776e+00
7.5499328600e+02	2.8221769006e+00
7.5710607900e+02	2.2739738295e+00
7.5921887200e+02	2.3091055031e+00
7.6133166500e+02	2.1463970225e+00
7.6344445800e+02	1.9141767037e+00
7.6555725100e+02	1.6295700955e+00
7.6767004400e+02	1.3479561823e+00
7.6978283700e+02	1.2364627348e+00
7.7189563000e+02	1.1570009120e+00
7.7400842300e+02	1.0142474558e+00
7.7612121600e+02	9.5587316848e-01
7.7823400900e+02	8.9353796752e-01
7.8034680200e+02	9.0912386247e-01
7.8245959500e+02	7.8263839461e-01
7.8457238800e+02	7.2028228214e-01
7.8668518100e+02	6.9541155162e-01
7.8879797400e+02	6.6232128384e-01
7.9091082800e+02	6.0807013315e-01
7.9302368200e+02	6.7255381793e-01
7.9513647500e+02	6.1675889278e-01
7.9724926800e+02	5.9642516448e-01
7.9936206100e+02	6.7133329643e-01
8.0147485400e+02	5.1943304788e-01
8.0358764600e+02	5.9133387650e-01
8.0570043900e+02	6.7681347041e-01
8.0781323200e+02	6.1989556996e-01
8.0992602500e+02	7.1936394057e-01
8.1203881800e+02	5.9662294694e-01
8.1415161100e+02	6.5831141875e-01
8.1626440400e+02	5.7491269029e-01
8.1837719700e+02	6.7048760678e-01
8.2048999000e+02	5.7836720352e-01
8.2260278300e+02	6.4423458413e-01
8.2471557600e+02	7.1723561918e-01
8.2682836900e+02	6.9654645246e-01
8.2894128400e+02	6.3724957789e-01
8.3105407700e+02	6.6571672961e-01
8.3316687000e+02	6.5382881337e-01
8.3527966300e+02	6.2415735835e-01
8.3739245600e+02	6.5347626919e-01
8.3950524900e+02	6.5665275310e-01
8.4161804200e+02	5.6733548025e-01
8.4373083500e+02	6.2725306442e-01
8.4584362800e+02	6.5036678037e-01
8.4795642100e+02	6.1997886396e-01
