# Filename: guide/20230913PSI_CF9212_streak_target_dispRP2_CF9212Red1.ascii
 
Time explicit
Intervalnr 1
0.0
6.5146606400e+02	0.0000000000e+00
6.5357885700e+02	0.0000000000e+00
6.5569165000e+02	0.0000000000e+00
6.5780444300e+02	0.0000000000e+00
6.5991723600e+02	1.7278711817e-02
6.6203002900e+02	1.0944745033e-01
6.6414282200e+02	0.0000000000e+00
6.6625561500e+02	1.7928071322e-01
6.6836840800e+02	8.0750557470e-01
6.7048120100e+02	2.9905774331e-02
6.7259399400e+02	1.0117036996e+00
6.7470678700e+02	1.6868072073e+00
6.7681958000e+02	2.5329549110e+00
6.7893243400e+02	3.4872452725e+00
6.8104528800e+02	4.2877044561e+00
6.8315808100e+02	5.5138688261e+00
6.8527087400e+02	5.5927101632e+00
6.8738366700e+02	6.7541706413e+00
6.8949646000e+02	8.9939754062e+00
6.9160925300e+02	1.1228471091e+01
6.9372204600e+02	1.4423196068e+01
6.9583483900e+02	1.7832599964e+01
6.9794763200e+02	2.0290448277e+01
7.0006042500e+02	2.3193939337e+01
7.0217321800e+02	2.5458401159e+01
7.0428601100e+02	2.8520441246e+01
7.0639880400e+02	3.0601745778e+01
7.0851159700e+02	3.1377148116e+01
7.1062439000e+02	3.4838609657e+01
7.1273718300e+02	3.7425844559e+01
7.1484997600e+02	3.8052821452e+01
7.1696289100e+02	3.9999096590e+01
7.1907568400e+02	3.9568056684e+01
7.2118847700e+02	3.8554774451e+01
7.2330127000e+02	3.6073063227e+01
7.2541406200e+02	3.4046352975e+01
7.2752685500e+02	3.3873920083e+01
7.2963964800e+02	3.3998949716e+01
7.3175244100e+02	3.0506981099e+01
7.3386523400e+02	2.9017562428e+01
7.3597802700e+02	2.7164013538e+01
7.3809082000e+02	2.4041089384e+01
7.4020361300e+02	2.1064737890e+01
7.4231640600e+02	1.9551422573e+01
7.4442919900e+02	1.6333359947e+01
7.4654199200e+02	1.5003794531e+01
7.4865478500e+02	1.4587834087e+01
7.5076757800e+02	1.3235633734e+01
7.5288037100e+02	1.2768806847e+01
7.5499328600e+02	1.1864189730e+01
7.5710607900e+02	1.0549475305e+01
7.5921887200e+02	9.5465832902e+00
7.6133166500e+02	1.0063381215e+01
7.6344445800e+02	9.9752399365e+00
7.6555725100e+02	8.7618543102e+00
7.6767004400e+02	9.1215006367e+00
7.6978283700e+02	8.6256003266e+00
7.7189563000e+02	8.6103652161e+00
7.7400842300e+02	7.6318392294e+00
7.7612121600e+02	8.0886635606e+00
7.7823400900e+02	7.4439555891e+00
7.8034680200e+02	8.1051219762e+00
7.8245959500e+02	6.3939543018e+00
7.8457238800e+02	7.2504596225e+00
7.8668518100e+02	6.3014781990e+00
7.8879797400e+02	6.3069102020e+00
7.9091082800e+02	5.9980393988e+00
7.9302368200e+02	5.5149172516e+00
7.9513647500e+02	5.8104767768e+00
7.9724926800e+02	6.9281309699e+00
7.9936206100e+02	6.3288889028e+00
8.0147485400e+02	5.5883973440e+00
8.0358764600e+02	5.4787275276e+00
8.0570043900e+02	4.7248169064e+00
8.0781323200e+02	3.8042977287e+00
8.0992602500e+02	3.8311749134e+00
8.1203881800e+02	3.1395764361e+00
8.1415161100e+02	3.1854964233e+00
8.1626440400e+02	2.2224820278e+00
8.1837719700e+02	3.2083627596e+00
8.2048999000e+02	1.7710084703e+00
8.2260278300e+02	1.6508529407e+00
8.2471557600e+02	2.1457322442e+00
8.2682836900e+02	1.1634331679e+00
8.2894128400e+02	1.1409159821e+00
8.3105407700e+02	1.0164428595e+00
8.3316687000e+02	7.7149315697e-01
8.3527966300e+02	6.6656171155e-01
8.3739245600e+02	5.3136691113e-01
8.3950524900e+02	5.1013592681e-01
8.4161804200e+02	1.6368427984e-01
8.4373083500e+02	2.0156881725e-01
8.4584362800e+02	0.0000000000e+00
8.4795642100e+02	0.0000000000e+00
