# Filename: guide/20230916PSI_FT7521_streak_targetWL_disp_FT7521Bulk.ascii
 
Time explicit
Intervalnr 1
0.0
6.5146606400e+02	4.3314095147e-02
6.5357885700e+02	8.6885599157e-02
6.5569165000e+02	3.1321875718e-01
6.5780444300e+02	7.3182747191e-01
6.5991723600e+02	1.2743006252e+00
6.6203002900e+02	1.8998660324e+00
6.6414282200e+02	3.3519340394e+00
6.6625561500e+02	4.8223550741e+00
6.6836840800e+02	6.8431041730e+00
6.7048120100e+02	8.8899485036e+00
6.7259399400e+02	1.3269915327e+01
6.7470678700e+02	1.7223688899e+01
6.7681970200e+02	2.1377599790e+01
6.7893249500e+02	2.5553720467e+01
6.8104528800e+02	2.9280158090e+01
6.8315808100e+02	3.2203109299e+01
6.8527087400e+02	3.5598845135e+01
6.8738366700e+02	3.5749149088e+01
6.8949646000e+02	3.5212282852e+01
6.9160925300e+02	3.2996193769e+01
6.9372204600e+02	3.1287725131e+01
6.9583483900e+02	2.8569274073e+01
6.9794763200e+02	2.5432720505e+01
7.0006042500e+02	2.2824660026e+01
7.0217321800e+02	2.0365112208e+01
7.0428601100e+02	1.6633683136e+01
7.0639880400e+02	1.5739034337e+01
7.0851159700e+02	1.3782877955e+01
7.1062439000e+02	1.4195745803e+01
7.1273724400e+02	1.1648837142e+01
7.1485009800e+02	9.9424037919e+00
7.1696289100e+02	8.5584015894e+00
7.1907568400e+02	7.0227026627e+00
7.2118847700e+02	6.7328658064e+00
7.2330127000e+02	5.8356494391e+00
7.2541406200e+02	6.1725577386e+00
7.2752685500e+02	5.4374883327e+00
7.2963964800e+02	6.3794423470e+00
7.3175244100e+02	5.3952076802e+00
7.3386523400e+02	5.4230373193e+00
7.3597802700e+02	5.8568449495e+00
7.3809082000e+02	6.3080898206e+00
7.4020361300e+02	5.8734645542e+00
7.4231640600e+02	6.5806689779e+00
7.4442919900e+02	5.9054771608e+00
7.4654199200e+02	5.5129638067e+00
7.4865478500e+02	5.8694393211e+00
7.5076770000e+02	5.2306348703e+00
7.5288049300e+02	4.9484448636e+00
7.5499328600e+02	4.6619110992e+00
7.5710607900e+02	4.4906510255e+00
7.5921887200e+02	3.6521498051e+00
7.6133166500e+02	3.7706660309e+00
7.6344445800e+02	3.2493711538e+00
7.6555725100e+02	2.5727033323e+00
7.6767004400e+02	2.0976825670e+00
7.6978283700e+02	2.2379194448e+00
7.7189563000e+02	2.2163230014e+00
7.7400842300e+02	2.0932904498e+00
7.7612121600e+02	1.4518449385e+00
7.7823400900e+02	1.2450389432e+00
7.8034680200e+02	1.0796393252e+00
7.8245959500e+02	1.0452236944e+00
7.8457238800e+02	3.4536197463e-01
7.8668518100e+02	9.1695942430e-01
7.8879809600e+02	1.8975529293e-01
7.9091088900e+02	7.7957988024e-01
7.9302368200e+02	3.4545135669e-01
7.9513647500e+02	2.9467422307e-01
7.9724926800e+02	3.3582221005e-01
7.9936206100e+02	4.6430096703e-01
8.0147485400e+02	1.3432677448e-02
8.0358764600e+02	0.0000000000e+00
8.0570043900e+02	7.5065181776e-02
8.0781323200e+02	2.0135487027e-01
8.0992602500e+02	0.0000000000e+00
8.1203881800e+02	0.0000000000e+00
8.1415161100e+02	0.0000000000e+00
8.1626440400e+02	4.2108520297e-02
8.1837719700e+02	0.0000000000e+00
8.2048999000e+02	0.0000000000e+00
8.2260278300e+02	0.0000000000e+00
8.2471563700e+02	0.0000000000e+00
8.2682849100e+02	0.0000000000e+00
8.2894128400e+02	0.0000000000e+00
8.3105407700e+02	0.0000000000e+00
8.3316687000e+02	0.0000000000e+00
8.3527966300e+02	0.0000000000e+00
8.3739245600e+02	0.0000000000e+00
8.3950524900e+02	4.4922668356e-02
8.4161804200e+02	1.1803229807e-01
8.4373083500e+02	1.7685357539e-03
8.4584362800e+02	0.0000000000e+00
8.4795642100e+02	9.2516629421e-02
