# Filename: guide/20230916PSI_FT7521_streak_targetWL_disp_FT7521slowChla.ascii
 
Time explicit
Intervalnr 1
0.0
6.5146606400e+02	0.0000000000e+00
6.5357885700e+02	4.6631950948e-02
6.5569165000e+02	6.8493818851e-01
6.5780444300e+02	2.4113119082e+00
6.5991723600e+02	4.6756287758e+00
6.6203002900e+02	7.8452164171e+00
6.6414282200e+02	1.2293201654e+01
6.6625561500e+02	1.7622244245e+01
6.6836840800e+02	2.3340435274e+01
6.7048120100e+02	2.9294184909e+01
6.7259399400e+02	3.7145713761e+01
6.7470678700e+02	4.3455760512e+01
6.7681970200e+02	4.7975273111e+01
6.7893249500e+02	5.1800625985e+01
6.8104528800e+02	5.1564100683e+01
6.8315808100e+02	5.0070609302e+01
6.8527087400e+02	4.3222214900e+01
6.8738366700e+02	3.7407127705e+01
6.8949646000e+02	2.9401889459e+01
6.9160925300e+02	2.2932654683e+01
6.9372204600e+02	1.7796914385e+01
6.9583483900e+02	1.5317111481e+01
6.9794763200e+02	1.2534367093e+01
7.0006042500e+02	1.1315413523e+01
7.0217321800e+02	1.0785341603e+01
7.0428601100e+02	8.5837026490e+00
7.0639880400e+02	6.6469033521e+00
7.0851159700e+02	7.4510061770e+00
7.1062439000e+02	6.6361502559e+00
7.1273724400e+02	7.4241276461e+00
7.1485009800e+02	7.0299917809e+00
7.1696289100e+02	6.3438873005e+00
7.1907568400e+02	6.1667465014e+00
7.2118847700e+02	7.1294773662e+00
7.2330127000e+02	6.0903271120e+00
7.2541406200e+02	6.7896080511e+00
7.2752685500e+02	7.5304326920e+00
7.2963964800e+02	5.9231698396e+00
7.3175244100e+02	6.3711387690e+00
7.3386523400e+02	6.8083022347e+00
7.3597802700e+02	5.3803886744e+00
7.3809082000e+02	6.6607152911e+00
7.4020361300e+02	5.3344426528e+00
7.4231640600e+02	5.2853751699e+00
7.4442919900e+02	3.8258675985e+00
7.4654199200e+02	3.2459564854e+00
7.4865478500e+02	2.4551399164e+00
7.5076770000e+02	1.5809835264e+00
7.5288049300e+02	7.2301721314e-01
7.5499328600e+02	6.5819367382e-01
7.5710607900e+02	0.0000000000e+00
7.5921887200e+02	4.4358108929e-01
7.6133166500e+02	0.0000000000e+00
7.6344445800e+02	0.0000000000e+00
7.6555725100e+02	0.0000000000e+00
7.6767004400e+02	0.0000000000e+00
7.6978283700e+02	0.0000000000e+00
7.7189563000e+02	0.0000000000e+00
7.7400842300e+02	0.0000000000e+00
7.7612121600e+02	0.0000000000e+00
7.7823400900e+02	0.0000000000e+00
7.8034680200e+02	0.0000000000e+00
7.8245959500e+02	0.0000000000e+00
7.8457238800e+02	0.0000000000e+00
7.8668518100e+02	0.0000000000e+00
7.8879809600e+02	0.0000000000e+00
7.9091088900e+02	0.0000000000e+00
7.9302368200e+02	0.0000000000e+00
7.9513647500e+02	0.0000000000e+00
7.9724926800e+02	0.0000000000e+00
7.9936206100e+02	0.0000000000e+00
8.0147485400e+02	0.0000000000e+00
8.0358764600e+02	0.0000000000e+00
8.0570043900e+02	0.0000000000e+00
8.0781323200e+02	0.0000000000e+00
8.0992602500e+02	0.0000000000e+00
8.1203881800e+02	0.0000000000e+00
8.1415161100e+02	0.0000000000e+00
8.1626440400e+02	0.0000000000e+00
8.1837719700e+02	0.0000000000e+00
8.2048999000e+02	0.0000000000e+00
8.2260278300e+02	0.0000000000e+00
8.2471563700e+02	0.0000000000e+00
8.2682849100e+02	0.0000000000e+00
8.2894128400e+02	0.0000000000e+00
8.3105407700e+02	0.0000000000e+00
8.3316687000e+02	0.0000000000e+00
8.3527966300e+02	0.0000000000e+00
8.3739245600e+02	0.0000000000e+00
8.3950524900e+02	0.0000000000e+00
8.4161804200e+02	0.0000000000e+00
8.4373083500e+02	0.0000000000e+00
8.4584362800e+02	0.0000000000e+00
8.4795642100e+02	0.0000000000e+00
