# Filename: guide/20230915PSI_CF9212_streak_targetWL_disp_CF9212Red2.ascii
 
Time explicit
Intervalnr 1
8.0
6.5146606400e+02	6.8335584612e-02
6.5357885700e+02	2.5111761898e-01
6.5569165000e+02	1.2927922877e-01
6.5780444300e+02	3.4387813506e-01
6.5991723600e+02	4.9780547198e-01
6.6203002900e+02	4.7865766708e-01
6.6414282200e+02	1.0256022360e+00
6.6625561500e+02	1.3935255257e+00
6.6836840800e+02	7.2596497409e-01
6.7048120100e+02	1.4719991259e+00
6.7259399400e+02	1.4775027450e+00
6.7470678700e+02	1.2616780536e+00
6.7681958000e+02	7.4099934792e-01
6.7893243400e+02	1.9444369773e-01
6.8104528800e+02	0.0000000000e+00
6.8315808100e+02	0.0000000000e+00
6.8527087400e+02	4.1396131061e-01
6.8738366700e+02	0.0000000000e+00
6.8949646000e+02	0.0000000000e+00
6.9160925300e+02	0.0000000000e+00
6.9372204600e+02	0.0000000000e+00
6.9583483900e+02	0.0000000000e+00
6.9794763200e+02	1.6051638231e+00
7.0006042500e+02	2.8803610512e+00
7.0217321800e+02	5.8872440744e+00
7.0428601100e+02	7.3299311618e+00
7.0639880400e+02	1.0628398653e+01
7.0851159700e+02	1.3981618247e+01
7.1062439000e+02	1.8144761834e+01
7.1273718300e+02	2.2286485693e+01
7.1484997600e+02	2.5170208158e+01
7.1696289100e+02	2.7982580597e+01
7.1907568400e+02	3.0437392089e+01
7.2118847700e+02	3.3969985975e+01
7.2330127000e+02	3.6240512168e+01
7.2541406200e+02	3.7290993559e+01
7.2752685500e+02	3.6377057810e+01
7.2963964800e+02	3.6601173256e+01
7.3175244100e+02	3.5734540993e+01
7.3386523400e+02	3.4599964444e+01
7.3597802700e+02	3.3901308326e+01
7.3809082000e+02	3.4830631873e+01
7.4020361300e+02	3.2273258390e+01
7.4231640600e+02	3.0970812852e+01
7.4442919900e+02	2.9459458541e+01
7.4654199200e+02	2.5506376802e+01
7.4865478500e+02	2.3575586930e+01
7.5076757800e+02	2.1114015334e+01
7.5288037100e+02	2.0254469265e+01
7.5499328600e+02	1.9084026032e+01
7.5710607900e+02	1.7392283926e+01
7.5921887200e+02	1.6259470743e+01
7.6133166500e+02	1.4293030944e+01
7.6344445800e+02	1.2928262716e+01
7.6555725100e+02	1.1891000282e+01
7.6767004400e+02	1.0785717820e+01
7.6978283700e+02	1.0067950069e+01
7.7189563000e+02	9.6696102123e+00
7.7400842300e+02	9.5052398048e+00
7.7612121600e+02	7.7615193449e+00
7.7823400900e+02	7.8880084245e+00
7.8034680200e+02	7.3175078052e+00
7.8245959500e+02	8.0658683943e+00
7.8457238800e+02	6.2174217626e+00
7.8668518100e+02	6.4337947331e+00
7.8879797400e+02	5.9461832818e+00
7.9091082800e+02	5.9196216328e+00
7.9302368200e+02	5.8912329723e+00
7.9513647500e+02	5.3668113302e+00
7.9724926800e+02	4.6683092098e+00
7.9936206100e+02	3.5152597012e+00
8.0147485400e+02	3.3881714536e+00
8.0358764600e+02	2.8075703803e+00
8.0570043900e+02	3.0087277096e+00
8.0781323200e+02	3.2509285170e+00
8.0992602500e+02	2.7768605343e+00
8.1203881800e+02	3.0078131709e+00
8.1415161100e+02	2.7741036334e+00
8.1626440400e+02	2.5548556985e+00
8.1837719700e+02	1.6819466494e+00
8.2048999000e+02	2.6893516614e+00
8.2260278300e+02	2.1772301764e+00
8.2471557600e+02	1.4721156275e+00
8.2682836900e+02	1.5995987826e+00
8.2894128400e+02	1.7057971090e+00
8.3105407700e+02	1.8613209421e+00
8.3316687000e+02	1.7151062980e+00
8.3527966300e+02	1.1078452632e+00
8.3739245600e+02	1.2669495572e+00
8.3950524900e+02	7.8299123630e-01
8.4161804200e+02	1.3004395838e+00
8.4373083500e+02	9.4539191618e-01
8.4584362800e+02	9.1522565265e-01
8.4795642100e+02	1.0210878028e+00
