# Filename: guide/20230912PSI_CF9212_streak_targetWL_disp_CF9212Red2.ascii
 
Time explicit
Intervalnr 1
8.0
6.5146606400e+02	2.1668600515e-01
6.5357885700e+02	3.1889132681e-01
6.5569165000e+02	2.9943664280e-01
6.5780444300e+02	4.2438016430e-01
6.5991723600e+02	3.9182173221e-01
6.6203002900e+02	3.7063038243e-01
6.6414282200e+02	8.6343817125e-01
6.6625561500e+02	1.3278330503e+00
6.6836840800e+02	7.6896329546e-01
6.7048120100e+02	1.7346695842e+00
6.7259399400e+02	1.8672121897e+00
6.7470678700e+02	1.5547320168e+00
6.7681958000e+02	1.2092907137e+00
6.7893243400e+02	6.5724446258e-01
6.8104528800e+02	3.0342396425e-01
6.8315808100e+02	3.6757012150e-01
6.8527087400e+02	1.0013548358e+00
6.8738366700e+02	3.0336471950e-01
6.8949646000e+02	9.6441041739e-02
6.9160925300e+02	0.0000000000e+00
6.9372204600e+02	0.0000000000e+00
6.9583483900e+02	0.0000000000e+00
6.9794763200e+02	1.4135288809e+00
7.0006042500e+02	2.5601313828e+00
7.0217321800e+02	5.6293299447e+00
7.0428601100e+02	7.3184960937e+00
7.0639880400e+02	1.0521694005e+01
7.0851159700e+02	1.3499033244e+01
7.1062439000e+02	1.7371488211e+01
7.1273718300e+02	2.1555782939e+01
7.1484997600e+02	2.4805183698e+01
7.1696289100e+02	2.7895753884e+01
7.1907568400e+02	3.0343745052e+01
7.2118847700e+02	3.3401534814e+01
7.2330127000e+02	3.5410946491e+01
7.2541406200e+02	3.6625175500e+01
7.2752685500e+02	3.6137081478e+01
7.2963964800e+02	3.6146328461e+01
7.3175244100e+02	3.5727889496e+01
7.3386523400e+02	3.4667566627e+01
7.3597802700e+02	3.3891495260e+01
7.3809082000e+02	3.4269827580e+01
7.4020361300e+02	3.2318130853e+01
7.4231640600e+02	3.0760729761e+01
7.4442919900e+02	2.9106859539e+01
7.4654199200e+02	2.5489201755e+01
7.4865478500e+02	2.3807605899e+01
7.5076757800e+02	2.1317593865e+01
7.5288037100e+02	2.0069871857e+01
7.5499328600e+02	1.8920972393e+01
7.5710607900e+02	1.7256026387e+01
7.5921887200e+02	1.6161826708e+01
7.6133166500e+02	1.4331104112e+01
7.6344445800e+02	1.2974058651e+01
7.6555725100e+02	1.1893288857e+01
7.6767004400e+02	1.0440138548e+01
7.6978283700e+02	9.7985080829e+00
7.7189563000e+02	9.4210104510e+00
7.7400842300e+02	9.0563995129e+00
7.7612121600e+02	7.4733598965e+00
7.7823400900e+02	7.4797356886e+00
7.8034680200e+02	6.7922016059e+00
7.8245959500e+02	7.4877581909e+00
7.8457238800e+02	5.8589020174e+00
7.8668518100e+02	6.1051860518e+00
7.8879797400e+02	5.6482866569e+00
7.9091082800e+02	5.5187769137e+00
7.9302368200e+02	5.4130457474e+00
7.9513647500e+02	4.9450232044e+00
7.9724926800e+02	4.2778818470e+00
7.9936206100e+02	3.3301936374e+00
8.0147485400e+02	3.2419880427e+00
8.0358764600e+02	2.6582636709e+00
8.0570043900e+02	2.9178667190e+00
8.0781323200e+02	3.1240182529e+00
8.0992602500e+02	2.7294718910e+00
8.1203881800e+02	2.7967377570e+00
8.1415161100e+02	2.5466650980e+00
8.1626440400e+02	2.4412330858e+00
8.1837719700e+02	1.6336197228e+00
8.2048999000e+02	2.4435528502e+00
8.2260278300e+02	2.0563796448e+00
8.2471557600e+02	1.4596332467e+00
8.2682836900e+02	1.6805286230e+00
8.2894128400e+02	1.6874731577e+00
8.3105407700e+02	1.8191216197e+00
8.3316687000e+02	1.6831994792e+00
8.3527966300e+02	1.1937044424e+00
8.3739245600e+02	1.3048047956e+00
8.3950524900e+02	9.0836229307e-01
8.4161804200e+02	1.2893060693e+00
8.4373083500e+02	1.0558338620e+00
8.4584362800e+02	1.2388535032e+00
8.4795642100e+02	1.1378361481e+00
