# Filename: guide/20230916PSI_FT7521_streak_targetWL_disp_FT7521Red3.ascii
 
Time explicit
Intervalnr 1
0.0
6.5146606400e+02	0.0000000000e+00
6.5357885700e+02	0.0000000000e+00
6.5569165000e+02	0.0000000000e+00
6.5780444300e+02	0.0000000000e+00
6.5991723600e+02	0.0000000000e+00
6.6203002900e+02	0.0000000000e+00
6.6414282200e+02	0.0000000000e+00
6.6625561500e+02	0.0000000000e+00
6.6836840800e+02	0.0000000000e+00
6.7048120100e+02	0.0000000000e+00
6.7259399400e+02	0.0000000000e+00
6.7470678700e+02	0.0000000000e+00
6.7681970200e+02	0.0000000000e+00
6.7893249500e+02	0.0000000000e+00
6.8104528800e+02	0.0000000000e+00
6.8315808100e+02	4.9113751563e+00
6.8527087400e+02	4.8569432357e+00
6.8738366700e+02	0.0000000000e+00
6.8949646000e+02	0.0000000000e+00
6.9160925300e+02	0.0000000000e+00
6.9372204600e+02	0.0000000000e+00
6.9583483900e+02	0.0000000000e+00
6.9794763200e+02	2.8962483262e-01
7.0006042500e+02	3.1189347469e-01
7.0217321800e+02	5.3212767962e-02
7.0428601100e+02	4.0884491238e+00
7.0639880400e+02	5.4788170706e+00
7.0851159700e+02	1.0150408882e+01
7.1062439000e+02	1.0109194332e+01
7.1273724400e+02	1.4991644537e+01
7.1485009800e+02	2.5434423190e+01
7.1696289100e+02	2.8047438287e+01
7.1907568400e+02	2.5664139054e+01
7.2118847700e+02	3.0492381878e+01
7.2330127000e+02	3.7268899553e+01
7.2541406200e+02	3.2027726168e+01
7.2752685500e+02	4.7154832383e+01
7.2963964800e+02	5.0275589328e+01
7.3175244100e+02	4.4140282685e+01
7.3386523400e+02	4.6109445592e+01
7.3597802700e+02	4.0527358920e+01
7.3809082000e+02	4.4365240882e+01
7.4020361300e+02	4.3928898273e+01
7.4231640600e+02	3.7338843021e+01
7.4442919900e+02	4.4270786473e+01
7.4654199200e+02	3.5553124698e+01
7.4865478500e+02	3.2463011851e+01
7.5076770000e+02	2.7461731086e+01
7.5288049300e+02	3.4246427502e+01
7.5499328600e+02	2.4862142696e+01
7.5710607900e+02	3.1426321091e+01
7.5921887200e+02	2.7379051847e+01
7.6133166500e+02	2.1205814183e+01
7.6344445800e+02	2.1098251659e+01
7.6555725100e+02	2.1602844732e+01
7.6767004400e+02	1.8370948693e+01
7.6978283700e+02	1.8431663096e+01
7.7189563000e+02	1.7587549276e+01
7.7400842300e+02	1.4240089797e+01
7.7612121600e+02	1.0389596450e+01
7.7823400900e+02	1.0108046931e+01
7.8034680200e+02	7.5623106395e+00
7.8245959500e+02	7.9198223794e+00
7.8457238800e+02	7.2932326121e+00
7.8668518100e+02	7.9099455130e+00
7.8879809600e+02	4.9731711482e+00
7.9091088900e+02	3.0408733348e+00
7.9302368200e+02	1.7422629707e-02
7.9513647500e+02	1.7180556283e+00
7.9724926800e+02	2.2992435066e+00
7.9936206100e+02	2.2001295563e+00
8.0147485400e+02	4.3924671877e+00
8.0358764600e+02	5.2383512381e+00
8.0570043900e+02	2.4093683349e+00
8.0781323200e+02	2.3992475648e+00
8.0992602500e+02	1.8138809446e+00
8.1203881800e+02	3.1784509376e+00
8.1415161100e+02	1.8351299659e+00
8.1626440400e+02	2.8536966985e+00
8.1837719700e+02	2.3466492787e+00
8.2048999000e+02	9.6967738757e-01
8.2260278300e+02	2.3766954706e+00
8.2471563700e+02	2.7674631778e+00
8.2682849100e+02	1.6374186604e+00
8.2894128400e+02	7.9316634625e-01
8.3105407700e+02	0.0000000000e+00
8.3316687000e+02	2.7300883756e+00
8.3527966300e+02	1.7013487803e+00
8.3739245600e+02	7.3923286303e-01
8.3950524900e+02	1.0419091249e+00
8.4161804200e+02	0.0000000000e+00
8.4373083500e+02	1.7625990589e-01
8.4584362800e+02	1.7468325718e+00
8.4795642100e+02	5.8519125073e-01
