# Filename: guide/20230912PSI_CF9212_streak_targetWL_disp_CF9212Bulk.ascii
 
Time explicit
Intervalnr 1
8.0
6.5146606400e+02	2.9125882654e-01
6.5357885700e+02	3.4368922196e-01
6.5569165000e+02	5.1783930799e-01
6.5780444300e+02	7.0954263938e-01
6.5991723600e+02	9.8096977688e-01
6.6203002900e+02	1.4546744176e+00
6.6414282200e+02	2.0109540670e+00
6.6625561500e+02	2.9001792772e+00
6.6836840800e+02	4.0743439346e+00
6.7048120100e+02	5.6572893522e+00
6.7259399400e+02	7.5172917566e+00
6.7470678700e+02	9.7691268508e+00
6.7681958000e+02	1.2988797378e+01
6.7893243400e+02	1.6090348997e+01
6.8104528800e+02	1.9547156124e+01
6.8315808100e+02	2.2860659793e+01
6.8527087400e+02	2.6837743105e+01
6.8738366700e+02	2.8458747191e+01
6.8949646000e+02	2.9829889096e+01
6.9160925300e+02	2.8294474439e+01
6.9372204600e+02	2.5677252090e+01
6.9583483900e+02	2.2683806970e+01
6.9794763200e+02	1.9831722117e+01
7.0006042500e+02	1.6143232716e+01
7.0217321800e+02	1.4447784154e+01
7.0428601100e+02	1.1188543852e+01
7.0639880400e+02	9.4564656056e+00
7.0851159700e+02	8.0153198215e+00
7.1062439000e+02	7.3657047848e+00
7.1273718300e+02	6.4774057353e+00
7.1484997600e+02	6.1213173631e+00
7.1696289100e+02	4.8051907283e+00
7.1907568400e+02	4.0198403497e+00
7.2118847700e+02	3.8932125178e+00
7.2330127000e+02	3.5125037488e+00
7.2541406200e+02	3.2355285156e+00
7.2752685500e+02	3.1930110457e+00
7.2963964800e+02	2.8181400664e+00
7.3175244100e+02	3.0632462591e+00
7.3386523400e+02	3.3459419967e+00
7.3597802700e+02	3.2530778122e+00
7.3809082000e+02	3.1719844519e+00
7.4020361300e+02	3.6000640400e+00
7.4231640600e+02	3.9091945975e+00
7.4442919900e+02	4.1426873350e+00
7.4654199200e+02	4.1759529168e+00
7.4865478500e+02	4.0469922920e+00
7.5076757800e+02	4.0878160715e+00
7.5288037100e+02	3.6612969924e+00
7.5499328600e+02	3.7105006735e+00
7.5710607900e+02	3.0085274326e+00
7.5921887200e+02	3.0640794987e+00
7.6133166500e+02	2.9442881531e+00
7.6344445800e+02	2.6949223096e+00
7.6555725100e+02	2.8793457336e+00
7.6767004400e+02	2.2795477640e+00
7.6978283700e+02	1.8765241696e+00
7.7189563000e+02	1.7973780634e+00
7.7400842300e+02	1.8115322491e+00
7.7612121600e+02	1.3342887731e+00
7.7823400900e+02	1.4535771363e+00
7.8034680200e+02	1.1261813416e+00
7.8245959500e+02	1.1816848655e+00
7.8457238800e+02	7.9947594957e-01
7.8668518100e+02	7.9930223900e-01
7.8879797400e+02	5.2132776786e-01
7.9091082800e+02	6.3882410938e-01
7.9302368200e+02	8.1923069242e-01
7.9513647500e+02	1.0090328788e+00
7.9724926800e+02	5.3673074399e-01
7.9936206100e+02	6.7464902435e-01
8.0147485400e+02	4.1854833906e-01
8.0358764600e+02	3.3656075656e-01
8.0570043900e+02	4.6275002731e-01
8.0781323200e+02	4.6311878018e-01
8.0992602500e+02	2.9635689504e-01
8.1203881800e+02	3.1613731773e-01
8.1415161100e+02	2.3767265188e-01
8.1626440400e+02	3.6374872731e-01
8.1837719700e+02	3.7469359456e-02
8.2048999000e+02	2.2405128865e-01
8.2260278300e+02	2.9564882343e-01
8.2471557600e+02	1.3820125825e-01
8.2682836900e+02	3.0222458465e-01
8.2894128400e+02	2.2861516879e-01
8.3105407700e+02	2.2825942084e-01
8.3316687000e+02	2.4471930175e-01
8.3527966300e+02	2.3131193323e-01
8.3739245600e+02	2.1845563921e-01
8.3950524900e+02	2.3084079072e-01
8.4161804200e+02	2.9195303922e-01
8.4373083500e+02	2.0842813505e-01
8.4584362800e+02	2.7475144135e-01
8.4795642100e+02	1.8470983945e-01
