# Filename: guide/20230912PSI_CF9212_streak_targetWL_disp_CF9212Red1.ascii
 
Time explicit
Intervalnr 1
8.0
6.5146606400e+02	0.0000000000e+00
6.5357885700e+02	0.0000000000e+00
6.5569165000e+02	0.0000000000e+00
6.5780444300e+02	0.0000000000e+00
6.5991723600e+02	1.3870027860e-01
6.6203002900e+02	2.2464461392e-01
6.6414282200e+02	9.1303527972e-02
6.6625561500e+02	1.9547352070e-01
6.6836840800e+02	9.3664728054e-01
6.7048120100e+02	1.6962907725e-01
6.7259399400e+02	1.1393804666e+00
6.7470678700e+02	1.8798358250e+00
6.7681958000e+02	2.8191220559e+00
6.7893243400e+02	3.8013643598e+00
6.8104528800e+02	4.9129249329e+00
6.8315808100e+02	6.0765588833e+00
6.8527087400e+02	5.8728480470e+00
6.8738366700e+02	7.2706229642e+00
6.8949646000e+02	9.9426963808e+00
6.9160925300e+02	1.2009356670e+01
6.9372204600e+02	1.5449666299e+01
6.9583483900e+02	1.8890014526e+01
6.9794763200e+02	2.1829914162e+01
7.0006042500e+02	2.4569096434e+01
7.0217321800e+02	2.6886380842e+01
7.0428601100e+02	3.0373901551e+01
7.0639880400e+02	3.2425195324e+01
7.0851159700e+02	3.3088363504e+01
7.1062439000e+02	3.6141864186e+01
7.1273718300e+02	3.8783913722e+01
7.1484997600e+02	3.9017071378e+01
7.1696289100e+02	4.1127386954e+01
7.1907568400e+02	3.9900491555e+01
7.2118847700e+02	3.8492898418e+01
7.2330127000e+02	3.6250010035e+01
7.2541406200e+02	3.3997245462e+01
7.2752685500e+02	3.3413557767e+01
7.2963964800e+02	3.3134243240e+01
7.3175244100e+02	3.0244777659e+01
7.3386523400e+02	2.9020416202e+01
7.3597802700e+02	2.7187148793e+01
7.3809082000e+02	2.4114394862e+01
7.4020361300e+02	2.0880654404e+01
7.4231640600e+02	1.9615398089e+01
7.4442919900e+02	1.6909075853e+01
7.4654199200e+02	1.5716510237e+01
7.4865478500e+02	1.5680859095e+01
7.5076757800e+02	1.4267314999e+01
7.5288037100e+02	1.3560018314e+01
7.5499328600e+02	1.2448435412e+01
7.5710607900e+02	1.1326237729e+01
7.5921887200e+02	9.5841053416e+00
7.6133166500e+02	1.0303749455e+01
7.6344445800e+02	1.0025448337e+01
7.6555725100e+02	8.7371657148e+00
7.6767004400e+02	9.4899861740e+00
7.6978283700e+02	9.3436763224e+00
7.7189563000e+02	8.6813962240e+00
7.7400842300e+02	7.4631720040e+00
7.7612121600e+02	8.4527249204e+00
7.7823400900e+02	7.2386303114e+00
7.8034680200e+02	7.9557040287e+00
7.8245959500e+02	6.6760845830e+00
7.8457238800e+02	7.4737017616e+00
7.8668518100e+02	6.7642000835e+00
7.8879797400e+02	6.8257189234e+00
7.9091082800e+02	6.4184938486e+00
7.9302368200e+02	5.6192420643e+00
7.9513647500e+02	5.3420898648e+00
7.9724926800e+02	6.4060425911e+00
7.9936206100e+02	6.2192766456e+00
8.0147485400e+02	5.5137711674e+00
8.0358764600e+02	5.2813595295e+00
8.0570043900e+02	4.6469771579e+00
8.0781323200e+02	3.9794003899e+00
8.0992602500e+02	4.2211445431e+00
8.1203881800e+02	3.6406189714e+00
8.1415161100e+02	3.4093808926e+00
8.1626440400e+02	2.5496713005e+00
8.1837719700e+02	3.5331535222e+00
8.2048999000e+02	1.9163702011e+00
8.2260278300e+02	1.9337430803e+00
8.2471557600e+02	2.4627254915e+00
8.2682836900e+02	1.5697348063e+00
8.2894128400e+02	1.5237501295e+00
8.3105407700e+02	1.2277553624e+00
8.3316687000e+02	8.9686961858e-01
8.3527966300e+02	1.0160405323e+00
8.3739245600e+02	6.4935955657e-01
8.3950524900e+02	6.7726984918e-01
8.4161804200e+02	1.9435591710e-01
8.4373083500e+02	3.8566357349e-01
8.4584362800e+02	0.0000000000e+00
8.4795642100e+02	8.6858760725e-02
