# Filename: guide/20230916PSI_FT7521_streak_targetWL_disp_FT7521Red2.ascii
 
Time explicit
Intervalnr 1
0.0
6.5146606400e+02	0.0000000000e+00
6.5357885700e+02	0.0000000000e+00
6.5569165000e+02	0.0000000000e+00
6.5780444300e+02	0.0000000000e+00
6.5991723600e+02	0.0000000000e+00
6.6203002900e+02	0.0000000000e+00
6.6414282200e+02	0.0000000000e+00
6.6625561500e+02	0.0000000000e+00
6.6836840800e+02	0.0000000000e+00
6.7048120100e+02	0.0000000000e+00
6.7259399400e+02	0.0000000000e+00
6.7470678700e+02	0.0000000000e+00
6.7681970200e+02	0.0000000000e+00
6.7893249500e+02	0.0000000000e+00
6.8104528800e+02	0.0000000000e+00
6.8315808100e+02	0.0000000000e+00
6.8527087400e+02	2.6698822099e+00
6.8738366700e+02	0.0000000000e+00
6.8949646000e+02	0.0000000000e+00
6.9160925300e+02	0.0000000000e+00
6.9372204600e+02	0.0000000000e+00
6.9583483900e+02	6.5855854616e-01
6.9794763200e+02	2.7532230459e+00
7.0006042500e+02	7.5826869582e+00
7.0217321800e+02	1.0962209746e+01
7.0428601100e+02	1.4628868961e+01
7.0639880400e+02	2.0715834933e+01
7.0851159700e+02	2.5135795223e+01
7.1062439000e+02	3.1645518015e+01
7.1273724400e+02	3.2005904887e+01
7.1485009800e+02	3.4522536972e+01
7.1696289100e+02	3.8534366327e+01
7.1907568400e+02	4.2770313075e+01
7.2118847700e+02	4.2180325657e+01
7.2330127000e+02	4.2514228950e+01
7.2541406200e+02	4.3802388658e+01
7.2752685500e+02	4.3401086721e+01
7.2963964800e+02	4.6046638983e+01
7.3175244100e+02	4.2824111402e+01
7.3386523400e+02	4.1233512086e+01
7.3597802700e+02	4.2337390834e+01
7.3809082000e+02	3.9624701458e+01
7.4020361300e+02	3.6077077648e+01
7.4231640600e+02	3.4893975200e+01
7.4442919900e+02	3.3386773477e+01
7.4654199200e+02	2.8642421764e+01
7.4865478500e+02	2.8164887478e+01
7.5076770000e+02	2.5148761005e+01
7.5288049300e+02	2.4174065090e+01
7.5499328600e+02	2.1872272358e+01
7.5710607900e+02	2.1299448937e+01
7.5921887200e+02	1.8166220897e+01
7.6133166500e+02	1.7404876181e+01
7.6344445800e+02	1.5496162397e+01
7.6555725100e+02	1.2354717095e+01
7.6767004400e+02	1.1846706530e+01
7.6978283700e+02	1.1471188545e+01
7.7189563000e+02	1.1520025778e+01
7.7400842300e+02	1.0284135731e+01
7.7612121600e+02	8.9230056846e+00
7.7823400900e+02	9.0460984023e+00
7.8034680200e+02	8.8305602914e+00
7.8245959500e+02	7.2867965218e+00
7.8457238800e+02	6.7771360285e+00
7.8668518100e+02	7.0890048662e+00
7.8879809600e+02	5.1545363212e+00
7.9091088900e+02	5.7147484323e+00
7.9302368200e+02	4.3574463290e+00
7.9513647500e+02	4.9082820241e+00
7.9724926800e+02	4.1999218076e+00
7.9936206100e+02	3.4931174732e+00
8.0147485400e+02	3.0997799337e+00
8.0358764600e+02	3.1236968257e+00
8.0570043900e+02	3.2876091702e+00
8.0781323200e+02	3.2483168887e+00
8.0992602500e+02	2.8158081380e+00
8.1203881800e+02	2.9000370122e+00
8.1415161100e+02	2.5287165292e+00
8.1626440400e+02	2.6947450881e+00
8.1837719700e+02	1.9561179361e+00
8.2048999000e+02	1.9486790826e+00
8.2260278300e+02	2.1336747289e+00
8.2471563700e+02	1.8361666535e+00
8.2682849100e+02	1.8651581816e+00
8.2894128400e+02	2.1039215334e+00
8.3105407700e+02	1.4110927846e+00
8.3316687000e+02	1.3088879249e+00
8.3527966300e+02	1.1566060049e+00
8.3739245600e+02	1.1813532104e+00
8.3950524900e+02	1.1379079201e+00
8.4161804200e+02	9.3404618293e-01
8.4373083500e+02	1.0905690541e+00
8.4584362800e+02	9.4661976576e-01
8.4795642100e+02	9.2674354956e-01
