PSI_7521FR_WLtr124av8nobridgetarget_dispcorri.ascii                                                                                                                                                     
                                                                                
 Time explicit
 Intervalnr            1
           4
   651.466125               0
   653.578918               0
   655.691711               0
   657.804382               0
   659.917175      0.241331995    
   662.030029      0.312732011    
   664.142822      0.448630005    
   666.255615      0.608327985    
   668.368408      0.845376015    
   670.481201       1.14168596    
   672.593994       1.49297404    
   674.706787       2.21696997    
   676.819580       2.64179993    
   678.932373       3.73898005    
   681.045288       4.65290022    
   683.158081       6.51406002    
   685.270874       8.19909954    
   687.383728       10.8147202    
   689.496521       12.5854397    
   691.609314       15.6984797    
   693.721985       15.8269997    
   695.834778       18.0046997    
   697.947571       17.4573002    
   700.060425       18.2950592    
   702.173218       15.0582600    
   704.286011       14.9797201    
   706.398804       11.8595400    
   708.511597       10.9170599    
   710.624390       8.53468037    
   712.737183       7.52080011    
   714.849976       5.77863979    
   716.962891       5.19316006    
   719.075684       5.60489988    
   721.188477       4.35063982    
   723.301270       4.70050001    
   725.414124       3.78182006    
   727.526917       4.00078011    
   729.639587       3.31295991    
   731.752380       3.77230000    
   733.865173       2.89407992    
   735.978027       3.56762004    
   738.090820       3.22490001    
   740.203613       3.56762004    
   742.316406       3.37960005    
   744.429199       4.01743984    
   746.541992       3.20348001    
   748.654785       3.24632001    
   750.767578       3.54381990    
   752.880371       3.50573993    
   754.993286       3.51764011    
   757.106079       3.84369993    
   759.218872       3.39387989    
   761.331726       2.62989998    
   763.444519       3.05830002    
   765.557312       2.55374002    
   767.669983       2.26361799    
   769.782776       2.03085399    
   771.895630       2.07607388    
   774.008423       1.88329399    
   776.121216       1.70289004    
   778.234009       1.37944806    
   780.346802       1.60055006    
   782.459595      0.725899994    
   784.572388       1.28448606    
   786.685181      0.560252011    
   788.797974       1.18690598    
   790.910828      0.461481988    
   793.023682      0.915347993    
   795.136475      0.379133999    
   797.249329      0.738038003    
   799.362122      0.319633991    
   801.474915      0.845138013    
   803.587585      0.713285983    
   805.700378      0.712809980    
   807.813171      0.625702024    
   809.926025      0.663782001    
   812.038818      0.344624013    
   814.151611      0.666162014    
   816.264404      0.441251993    
   818.377197      0.488613993    
   820.489990      0.580720007    
   822.602783      0.478379995    
   824.715576      0.382941991    
   826.828430      0.434112012    
   828.941284      0.318206012    
   831.054077      0.415547997    
   833.166870      0.385560006    
   835.279724      0.419117987    
   837.392517      0.371042013    
   839.505188      0.381276011    
   841.617981      0.276793987    
   843.730774      0.325583994    
   845.843628      0.189447999    
   847.956421      0.325345993    
